GBLD0001	3	2	2	3	3	2	2	3	2	3
GBLD00010	3	2	2	2	2	2	3	2	1	1
GBLD0002	None	None	None	None	None	None	None	None	None	None
GBLD0003	3	3	3	3	3	3	3	3	3	3
GBLD0004	3	2	3	3	3	2	3	3	2	3
GBLD0005	None	None	None	None	None	None	None	None	None	None
GBLD0006	None	None	None	None	None	None	None	None	None	None
GBLD0007	None	None	None	None	None	None	None	None	None	None
GBLD0008	None	None	None	None	None	None	None	None	None	None
GBLD0009	2	2	3	1	2	3	3	2	3	1
GBLD00100	3	3	3	3	2	2	3	2	3	3
GBLD0011	3	2	1	2	2	1	3	2	2	1
GBLD0012	3	2	2	2	3	2	3	2	3	2
GBLD0013	3	3	3	3	2	2	2	3	3	3
GBLD0014	2	3	3	2	3	3	3	2	3	1
GBLD0015	2	2	3	2	2	3	2	2	3	3
GBLD0016	3	2	3	3	3	3	3	3	3	3
GBLD0017	2	2	2	1	1	2	2	3	2	2
GBLD0018	2	3	3	2	2	2	3	2	3	2
GBLD0019	3	2	3	2	3	2	2	3	3	3
GBLD0020	2	3	2	2	2	2	3	1	1	2
GBLD0021	2	1	3	2	3	1	3	2	2	1
GBLD0022	2	2	3	1	3	3	3	2	3	2
GBLD0023	2	3	3	2	3	2	3	2	3	3
GBLD0024	3	3	3	2	3	3	2	2	3	3
GBLD0025	3	3	3	2	2	3	1	2	3	2
GBLD0026	2	3	3	2	2	3	2	2	2	3
GBLD0027	3	2	3	3	2	3	3	3	3	3
GBLD0028	3	3	3	3	3	2	2	3	2	3
GBLD0029	2	3	3	2	2	2	3	2	2	1
GBLD0030	3	3	3	3	2	2	3	2	3	3
GBLD0031	3	3	3	2	2	3	3	2	2	3
GBLD0032	3	3	3	2	2	2	3	2	2	3
GBLD0033	2	3	3	2	3	2	1	2	2	3
GBLD0034	2	2	2	2	3	2	2	2	3	3
GBLD0035	2	2	3	2	2	2	2	2	2	3
GBLD0036	2	3	3	2	3	3	3	2	2	1
GBLD0037	3	3	3	2	3	2	3	2	1	3
GBLD0038	2	3	2	2	3	2	3	2	3	3
GBLD0039	2	3	3	2	3	3	3	2	1	3
GBLD0040	2	3	1	2	3	2	2	2	2	1
GBLD0041	2	2	3	2	3	2	3	2	2	3
GBLD0042	3	2	3	2	3	3	2	2	2	3
GBLD0043	2	2	3	2	2	2	3	2	3	3
GBLD0044	None	None	None	None	None	None	None	None	None	None
GBLD0045	3	3	3	3	3	3	3	3	3	3
GBLD0046	2	2	3	2	3	2	2	2	2	3
GBLD0047	2	2	3	2	2	3	3	2	3	2
GBLD0048	2	2	3	2	1	2	2	2	2	2
GBLD0049	3	3	3	3	3	2	3	3	3	3
GBLD0050	3	2	3	2	2	3	2	2	3	3
GBLD0051	3	3	3	3	3	2	2	3	3	3
GBLD0052	2	3	3	2	3	2	2	2	1	2
GBLD0053	2	2	1	1	2	2	2	2	3	2
GBLD0054	2	3	3	2	3	3	3	3	3	2
GBLD0055	3	3	3	3	2	3	2	3	3	3
GBLD0056	2	2	3	3	1	3	3	2	2	3
GBLD0057	2	2	2	1	3	2	3	2	2	2
GBLD0058	3	3	3	2	3	2	3	2	3	3
GBLD0059	2	3	3	3	3	2	3	3	3	3
GBLD0060	2	3	3	2	3	2	2	2	3	3
GBLD0061	3	3	3	2	2	3	2	2	3	2
GBLD0062	3	3	3	2	3	3	3	3	3	3
GBLD0063	3	3	3	2	3	3	3	2	1	2
GBLD0064	2	3	3	1	1	1	3	1	3	2
GBLD0065	2	2	1	1	2	2	1	1	2	2
GBLD0066	3	3	3	2	3	2	3	2	2	3
GBLD0067	2	3	3	2	3	2	2	3	3	3
GBLD0068	2	3	3	3	3	2	3	3	1	2
GBLD0069	3	3	3	3	2	2	2	2	3	3
GBLD0070	3	3	3	3	3	2	3	2	3	3
GBLD0071	2	3	2	2	3	2	2	2	2	2
GBLD0072	3	2	3	2	3	2	3	2	3	1
GBLD0073	2	2	2	2	2	1	2	2	1	2
GBLD0074	3	3	3	2	3	2	3	2	2	1
GBLD0075	3	3	3	3	3	2	3	3	1	1
GBLD0076	2	2	3	3	2	3	3	3	1	3
GBLD0077	None	None	None	None	None	None	None	None	None	None
GBLD0078	3	3	2	2	1	3	1	2	3	1
GBLD0079	3	3	3	2	3	2	3	2	3	3
GBLD0080	2	1	1	1	3	3	2	2	3	1
GBLD0081	2	3	2	2	3	3	2	2	1	3
GBLD0082	2	3	3	2	2	2	3	2	3	3
GBLD0083	2	3	3	2	2	2	2	2	2	3
GBLD0084	3	3	3	2	3	2	2	2	1	3
GBLD0085	2	3	3	2	2	2	3	2	2	3
GBLD0086	2	3	3	3	2	2	3	3	3	1
GBLD0087	3	2	3	3	3	3	3	3	3	3
GBLD0088	2	2	3	2	3	2	3	2	3	2
GBLD0089	3	3	3	3	3	3	3	2	3	3
GBLD0090	2	2	3	2	3	3	3	2	2	1
GBLD0091	3	3	3	3	3	3	3	3	3	3
GBLD0092	2	2	2	2	1	2	2	2	3	2
GBLD0093	3	3	3	2	2	2	3	2	2	3
GBLD0094	3	3	3	3	3	3	3	3	3	3
GBLD0095	2	2	3	2	2	3	3	2	3	3
GBLD0096	2	3	2	2	3	2	3	2	3	2
GBLD0097	3	2	3	2	2	2	3	2	2	2
GBLD0098	3	2	3	3	3	3	2	2	1	3
GBLD0099	3	1	3	1	2	3	2	3	2	3
GBLD01000	3	3	3	2	2	2	3	2	2	3
GBLD0101	2	2	3	2	2	1	1	2	3	2
GBLD0102	2	3	3	3	3	3	2	2	2	3
GBLD0103	2	3	3	2	3	2	3	2	2	2
GBLD0104	3	3	3	2	3	3	3	3	2	3
GBLD0105	2	3	3	3	2	2	3	2	2	3
GBLD0106	3	3	2	2	2	2	3	2	3	2
GBLD0107	2	2	3	2	3	2	2	2	3	2
GBLD0108	3	3	3	3	3	2	2	2	2	3
GBLD0109	2	2	3	2	2	2	3	1	2	2
GBLD0110	2	3	3	2	3	2	1	2	3	3
GBLD0111	3	3	3	2	3	2	3	3	3	3
GBLD0112	2	3	2	2	3	2	2	2	3	3
GBLD0113	2	2	2	2	2	2	3	2	3	2
GBLD0114	2	2	2	2	2	3	2	2	2	2
GBLD0115	3	3	3	2	3	2	2	2	2	2
GBLD0116	2	3	2	1	2	2	3	2	3	2
GBLD0117	3	2	3	2	2	2	3	2	2	2
GBLD0118	2	2	3	2	2	2	2	2	2	2
GBLD0119	1	2	2	1	1	1	1	1	3	2
GBLD0120	3	3	3	3	3	2	2	2	2	3
GBLD0121	1	3	3	2	3	2	1	2	2	3
GBLD0122	2	2	3	2	2	2	3	2	2	2
GBLD0123	2	2	2	2	2	2	3	2	2	2
GBLD0124	1	2	2	1	1	1	1	1	2	2
GBLD0125	2	2	3	3	3	3	3	3	3	3
GBLD0126	2	2	3	2	3	3	2	3	3	2
GBLD0127	2	2	3	2	1	2	1	3	2	2
GBLD0128	3	3	3	2	1	2	1	2	2	2
GBLD0129	2	2	3	2	2	2	2	2	2	3
GBLD0130	2	2	3	1	2	2	3	2	3	2
GBLD0131	3	3	3	2	3	2	2	3	3	3
GBLD0132	3	2	3	3	2	2	3	3	3	2
GBLD0133	3	3	3	3	3	3	3	3	1	3
GBLD0134	2	2	3	2	2	3	2	2	2	2
GBLD0135	3	2	3	2	2	2	3	2	2	2
GBLD0136	3	2	3	2	3	3	3	2	3	2
GBLD0137	2	2	2	1	3	2	2	1	1	2
GBLD0138	3	3	3	2	3	3	2	3	1	3
GBLD0139	2	3	3	1	3	2	3	3	2	2
GBLD0140	3	3	3	3	2	3	2	2	2	3
GBLD0141	3	3	3	2	3	2	3	1	1	3
GBLD0142	2	2	3	3	3	2	3	2	2	3
GBLD0143	3	3	3	2	3	2	3	2	2	3
GBLD0144	2	2	3	3	3	2	3	3	3	3
GBLD0145	3	2	1	2	2	2	3	2	3	1
GBLD0146	3	3	3	2	3	3	3	3	3	3
GBLD0147	3	3	3	3	3	3	2	3	3	3
GBLD0148	1	1	2	1	1	2	2	2	2	3
GBLD0149	2	2	3	2	3	3	3	2	1	1
GBLD0150	3	2	1	2	1	1	1	2	2	2
GBLD0151	3	2	3	2	2	2	3	2	3	3
GBLD0152	2	3	3	2	3	3	3	3	3	3
GBLD0153	2	2	3	2	3	2	2	2	2	3
GBLD0154	3	3	3	2	3	2	2	2	3	3
GBLD0155	2	3	3	2	3	2	3	2	2	2
GBLD0156	3	3	3	3	3	3	3	3	3	3
GBLD0157	3	2	3	2	2	2	2	2	2	3
GBLD0158	3	3	3	3	3	3	3	2	2	3
GBLD0159	2	2	3	2	3	3	3	3	3	3
GBLD0160	2	3	3	3	2	3	3	2	3	2
GBLD0161	3	3	3	3	3	3	3	2	3	3
GBLD0162	None	None	None	None	None	None	None	None	None	None
GBLD0163	3	3	3	3	3	2	3	3	3	3
GBLD0164	2	2	3	1	2	2	3	3	1	3
GBLD0165	2	2	3	3	2	2	2	2	2	3
GBLD0166	2	3	3	2	3	2	3	2	3	3
GBLD0167	2	2	2	2	3	2	3	2	3	1
GBLD0168	2	3	3	3	3	2	2	2	3	3
GBLD0169	3	3	3	2	3	2	1	2	3	3
GBLD0170	3	2	3	2	3	2	3	2	3	3
GBLD0171	2	3	3	3	1	2	3	3	2	3
GBLD0172	3	3	3	2	2	2	2	2	3	3
GBLD0173	2	3	1	1	3	2	3	1	1	1
GBLD0174	2	3	3	2	3	3	2	3	2	3
GBLD0175	3	3	3	3	2	3	2	2	3	3
GBLD0176	2	2	3	2	2	1	2	2	2	1
GBLD0177	2	2	3	2	2	2	3	2	2	2
GBLD0178	3	3	3	3	3	3	3	3	3	3
GBLD0179	3	3	3	2	2	2	3	2	2	2
GBLD0180	2	2	3	2	3	2	2	1	2	3
GBLD0181	2	2	3	2	3	3	3	2	3	3
GBLD0182	1	3	3	2	2	3	2	2	3	3
GBLD0183	3	3	3	2	3	3	2	2	2	2
GBLD0184	2	2	3	2	2	2	3	2	2	3
GBLD0185	2	3	3	3	2	1	3	2	2	1
GBLD0186	3	2	3	2	2	2	3	2	2	2
GBLD0187	3	3	3	2	3	2	3	2	1	3
GBLD0188	2	3	3	2	3	2	1	2	2	3
GBLD0189	2	3	2	2	3	2	3	2	1	1
GBLD0190	3	3	1	1	3	3	2	1	1	2
GBLD0191	2	3	2	2	2	3	2	3	3	3
GBLD0192	3	3	3	2	3	2	3	2	3	2
GBLD0193	3	3	3	3	3	3	2	3	1	3
GBLD0194	3	2	3	2	3	2	3	2	3	2
GBLD0195	3	2	2	2	2	1	3	2	2	2
GBLD0196	2	3	2	2	2	2	3	2	1	2
GBLD0197	3	2	3	2	3	2	3	2	3	3
GBLD0198	2	3	3	2	2	2	3	2	3	3
GBLD0199	2	3	3	2	2	2	1	3	3	3
GBLD0200	2	2	3	3	3	3	3	2	3	1
GBLD0201	2	2	2	2	2	2	3	2	2	2
GBLD0202	3	3	3	3	3	2	2	3	1	3
GBLD0203	2	2	3	2	3	2	2	2	3	3
GBLD0204	2	2	3	3	1	1	2	2	3	1
GBLD0205	2	3	3	3	3	2	2	3	2	3
GBLD0206	2	2	2	2	2	1	3	2	3	2
GBLD0207	3	2	2	1	2	2	3	2	2	2
GBLD0208	2	3	3	2	2	2	2	2	2	3
GBLD0209	3	2	3	2	2	2	3	2	1	3
GBLD0210	3	3	3	3	3	3	2	3	3	3
GBLD0211	3	2	3	2	2	1	2	1	3	3
GBLD0212	2	3	3	2	2	2	3	2	2	3
GBLD0213	2	2	2	2	3	3	2	2	3	3
GBLD0214	2	2	2	2	2	2	2	2	3	2
GBLD0215	2	3	3	3	2	2	3	2	2	2
GBLD0216	3	3	3	2	3	2	3	3	3	3
GBLD0217	3	3	3	3	2	2	3	3	3	3
GBLD0218	3	3	3	2	2	2	3	2	2	2
GBLD0219	2	3	3	2	3	2	3	2	3	3
GBLD0220	2	3	3	2	3	2	3	2	2	2
GBLD0221	3	2	3	2	3	2	3	2	3	3
GBLD0222	2	3	2	2	1	2	3	2	3	1
GBLD0223	2	2	3	2	3	2	3	2	3	2
GBLD0224	2	3	3	2	2	2	2	2	2	2
GBLD0225	2	3	2	2	1	2	3	2	3	3
GBLD0226	3	2	3	2	2	2	2	2	3	2
GBLD0227	3	3	3	3	3	2	2	2	1	3
GBLD0228	3	3	3	2	2	2	2	2	3	3
GBLD0229	2	1	3	2	1	2	2	2	2	2
GBLD0230	2	3	3	3	3	3	3	3	3	3
GBLD0231	3	3	3	2	3	3	3	2	3	3
GBLD0232	3	3	3	3	3	2	1	3	2	2
GBLD0233	2	3	3	3	3	2	1	2	3	3
GBLD0234	3	2	3	3	3	2	3	2	3	3
GBLD0235	3	3	3	2	3	2	3	2	3	3
GBLD0236	3	2	3	2	3	2	3	2	3	3
GBLD0237	3	2	2	2	2	2	2	2	3	3
GBLD0238	3	3	3	3	3	3	3	3	3	3
GBLD0239	2	3	3	None	None	None	None	None	None	None
GBLD0240	None	None	None	None	None	None	None	None	None	None
GBLD0241	3	3	1	2	3	2	3	2	3	3
GBLD0242	1	1	1	2	1	3	3	2	1	2
GBLD0243	None	None	None	None	None	None	None	None	None	None
GBLD0244	2	3	3	2	3	1	3	2	2	2
GBLD0245	3	2	3	2	3	3	3	3	3	3
GBLD0246	2	2	3	2	2	2	3	2	3	3
GBLD0247	None	None	None	None	None	None	None	None	None	None
GBLD0248	3	3	3	3	3	2	3	3	3	3
GBLD0249	2	3	3	2	3	3	3	2	2	2
GBLD0250	2	3	3	3	3	3	3	3	3	3
GBLD0251	2	3	3	2	3	2	2	3	3	3
GBLD0252	3	3	3	3	2	3	2	3	3	3
GBLD0253	2	2	3	2	2	2	3	2	2	3
GBLD0254	3	2	3	2	3	2	2	3	2	3
GBLD0255	3	3	3	1	1	2	2	2	2	3
GBLD0256	2	3	3	2	2	3	3	2	3	2
GBLD0257	3	3	2	2	2	2	3	2	2	2
GBLD0258	2	3	3	3	2	2	2	2	3	2
GBLD0259	3	3	3	2	2	2	2	2	2	3
GBLD0260	2	2	3	2	3	3	1	2	3	1
GBLD0261	2	1	3	2	3	2	1	1	2	2
GBLD0262	2	3	3	2	2	3	1	2	2	3
GBLD0263	2	2	2	2	2	2	3	2	3	3
GBLD0264	3	2	2	1	2	1	1	2	2	3
GBLD0265	2	3	2	2	2	2	1	2	3	3
GBLD0266	2	2	2	2	2	2	3	2	3	2
GBLD0267	3	3	3	2	3	2	2	2	2	2
GBLD0268	3	3	2	2	3	3	2	3	3	2
GBLD0269	3	3	2	2	3	2	3	1	2	1
GBLD0270	1	3	3	2	2	2	3	1	2	2
GBLD0271	3	3	3	2	3	3	3	3	3	3
GBLD0272	1	1	1	1	1	2	1	2	2	2
GBLD0273	2	2	3	2	3	3	3	2	2	3
GBLD0274	2	2	3	2	2	2	3	2	3	2
GBLD0275	3	3	3	2	3	2	3	3	3	3
GBLD0276	3	2	2	2	2	2	3	2	2	2
GBLD0277	3	3	3	3	3	3	3	3	2	3
GBLD0278	None	None	None	None	None	None	None	None	None	None
GBLD0279	3	2	3	2	3	2	3	2	2	3
GBLD0280	2	3	2	2	3	2	3	2	2	3
GBLD0281	3	3	3	2	3	2	3	2	2	3
GBLD0282	None	None	None	None	None	None	None	None	None	None
GBLD0283	3	3	3	2	3	3	3	3	3	3
GBLD0284	3	3	3	2	3	2	3	2	1	3
GBLD0285	3	3	3	3	3	2	1	3	2	3
GBLD0286	3	3	3	3	3	2	3	3	1	3
GBLD0287	3	3	3	2	3	2	2	2	3	2
GBLD0288	2	3	3	2	3	3	2	2	2	3
GBLD0289	3	3	3	3	3	3	3	2	3	3
GBLD0290	None	None	None	None	None	None	None	None	None	None
GBLD0291	3	2	3	2	3	2	3	2	2	2
GBLD0292	2	3	3	3	3	3	3	3	3	3
GBLD0293	2	3	3	2	3	3	2	2	3	1
GBLD0294	3	2	2	2	3	2	3	3	3	2
GBLD0295	2	2	2	2	2	2	2	2	3	2
GBLD0296	2	2	3	2	3	3	3	2	3	3
GBLD0297	3	2	1	2	None	None	None	None	None	None
GBLD0298	2	3	2	2	3	3	2	2	3	2
GBLD0299	2	3	3	2	1	2	3	2	3	3
GBLD0300	3	2	2	2	2	2	2	2	2	3
GBLD0301	2	3	3	2	3	3	3	2	2	1
GBLD0302	3	3	3	1	3	2	1	2	3	3
GBLD0303	3	2	2	1	2	2	3	3	1	2
GBLD0304	2	3	3	2	3	2	2	2	1	3
GBLD0305	3	2	2	2	3	2	3	1	1	2
GBLD0306	3	3	3	3	2	2	3	3	2	3
GBLD0307	3	3	3	2	3	2	3	2	2	3
GBLD0308	2	3	3	2	3	3	3	2	2	3
GBLD0309	3	2	2	2	3	3	1	2	3	3
GBLD0310	2	2	3	2	3	2	1	3	1	2
GBLD0311	2	3	2	2	2	3	2	2	3	1
GBLD0312	3	3	3	2	2	2	3	2	1	1
GBLD0313	3	2	3	2	3	2	3	2	3	3
GBLD0314	2	3	3	2	3	3	2	3	3	3
GBLD0315	3	3	3	1	3	3	3	2	1	1
GBLD0316	3	3	2	2	2	3	3	2	2	2
GBLD0317	2	3	2	2	3	2	3	3	3	2
GBLD0318	2	3	3	2	2	3	2	2	3	3
GBLD0319	2	2	3	2	3	3	2	2	2	2
GBLD0320	2	2	3	2	3	2	3	2	2	3
GBLD0321	3	3	2	2	3	3	3	2	3	3
GBLD0322	2	2	3	2	2	2	1	1	3	3
GBLD0323	2	2	3	2	1	2	2	2	3	3
GBLD0324	2	3	3	2	2	2	3	2	3	3
GBLD0325	3	3	3	3	3	3	2	3	3	1
GBLD0326	2	2	3	2	3	2	2	2	2	3
GBLD0327	3	2	3	1	1	2	3	2	2	3
GBLD0328	3	2	3	2	3	3	2	2	3	3
GBLD0329	3	2	3	2	2	3	2	2	1	2
GBLD0330	2	2	2	2	2	1	2	2	1	2
GBLD0331	2	1	1	2	2	2	3	2	2	3
GBLD0332	3	3	2	2	1	2	3	2	2	1
GBLD0333	2	3	3	2	3	2	3	2	3	3
GBLD0334	3	2	3	3	3	3	3	3	1	3
GBLD0335	2	2	3	3	3	2	2	3	3	3
GBLD0336	2	2	3	2	3	2	3	2	2	3
GBLD0337	2	3	3	2	3	2	2	2	3	3
GBLD0338	3	3	3	2	3	3	3	2	2	3
GBLD0339	3	3	3	2	3	2	3	2	3	3
GBLD0340	3	3	3	2	2	2	2	2	3	3
GBLD0341	2	2	2	2	2	1	2	2	2	2
GBLD0342	2	2	2	2	2	2	3	2	2	3
GBLD0343	3	3	3	2	2	2	2	2	2	3
GBLD0344	3	2	1	1	2	2	3	1	1	1
GBLD0345	2	3	3	2	3	3	3	3	3	2
GBLD0346	2	3	3	2	2	3	2	2	3	3
GBLD0347	2	2	2	2	3	2	3	2	2	2
GBLD0348	3	3	3	2	3	2	2	2	3	2
GBLD0349	2	3	3	2	3	2	3	2	3	2
GBLD0350	3	2	3	2	3	3	3	2	3	2
GBLD0351	2	2	3	2	1	2	2	2	2	3
GBLD0352	3	3	3	3	3	3	3	3	3	3
GBLD0353	2	3	3	2	3	3	2	2	3	3
GBLD0354	2	3	3	2	2	2	2	2	3	2
GBLD0355	3	3	3	2	3	2	3	3	2	3
GBLD0356	2	2	3	2	2	2	3	2	3	2
GBLD0357	3	3	2	2	2	2	1	1	1	2
GBLD0358	3	3	2	2	2	2	2	2	2	2
GBLD0359	3	3	3	1	2	2	2	2	2	3
GBLD0360	1	2	3	3	3	3	3	2	3	3
GBLD0361	3	3	3	2	3	3	2	3	3	3
GBLD0362	2	3	3	3	3	2	3	3	1	3
GBLD0363	3	2	3	2	3	2	3	2	2	3
GBLD0364	2	3	3	3	2	2	2	2	3	3
GBLD0365	3	2	3	3	3	3	3	2	3	3
GBLD0366	3	2	3	2	3	2	3	2	3	3
GBLD0367	3	3	3	2	2	2	3	2	2	3
GBLD0368	3	3	2	1	1	3	3	1	2	1
GBLD0369	2	2	1	1	2	2	3	1	1	2
GBLD0370	3	3	2	2	3	2	1	2	2	3
GBLD0371	2	3	3	2	2	2	3	2	3	3
GBLD0372	3	2	3	3	2	3	3	2	3	3
GBLD0373	2	2	2	2	2	2	3	3	3	2
GBLD0374	3	3	3	3	2	3	2	3	3	3
GBLD0375	2	2	3	3	2	3	1	2	3	3
GBLD0376	2	2	1	2	3	2	2	2	3	2
GBLD0377	2	3	3	2	3	3	2	2	3	3
GBLD0378	2	3	3	2	1	3	2	2	3	3
GBLD0379	2	2	3	2	3	3	3	2	3	2
GBLD0380	2	2	3	2	2	1	3	2	3	2
GBLD0381	3	2	2	2	3	2	1	2	2	2
GBLD0382	3	2	1	1	3	2	2	2	2	3
GBLD0383	2	2	3	2	3	2	3	2	3	3
GBLD0384	2	3	3	2	3	2	3	2	3	2
GBLD0385	3	3	3	2	2	2	2	3	2	3
GBLD0386	3	3	3	2	3	2	3	2	3	3
GBLD0387	2	2	1	1	3	1	1	2	3	2
GBLD0388	3	2	3	1	2	1	3	2	2	2
GBLD0389	3	3	3	2	2	2	3	2	2	3
GBLD0390	2	2	3	2	3	2	2	2	3	3
GBLD0391	2	3	3	2	2	2	3	2	2	3
GBLD0392	2	2	2	1	2	2	3	2	3	2
GBLD0393	3	2	2	2	2	2	2	2	2	3
GBLD0394	2	2	3	2	2	2	2	2	2	2
GBLD0395	2	3	3	2	3	3	2	2	3	3
GBLD0396	3	2	3	3	3	2	3	2	2	3
GBLD0397	2	3	3	2	2	2	2	2	2	3
GBLD0398	3	3	3	2	2	2	2	2	1	2
GBLD0399	2	3	2	3	3	1	3	2	2	1
GBLD0400	3	3	3	1	3	2	2	2	3	2
GBLD0401	3	3	3	2	3	2	3	2	1	2
GBLD0402	2	1	3	2	3	3	2	2	3	3
GBLD0403	2	3	2	2	2	2	1	2	2	3
GBLD0404	3	2	3	3	3	2	2	2	2	3
GBLD0405	2	3	2	1	3	3	3	2	2	2
GBLD0406	3	3	3	2	3	2	3	3	2	3
GBLD0407	2	2	1	2	2	1	1	2	2	2
GBLD0408	1	2	2	2	3	2	3	1	2	1
GBLD0409	3	3	3	3	3	3	3	3	2	3
GBLD0410	3	3	3	2	3	3	2	2	3	3
GBLD0411	3	1	3	3	3	3	2	3	2	3
GBLD0412	2	2	3	2	1	3	2	3	3	2
GBLD0413	3	2	2	2	2	2	3	2	2	2
GBLD0414	2	3	3	2	1	2	3	3	3	2
GBLD0415	2	3	3	2	2	2	3	2	3	2
GBLD0416	2	3	3	1	2	2	1	2	3	2
GBLD0417	2	2	3	1	2	1	2	2	2	3
GBLD0418	3	3	1	1	3	2	3	2	2	2
GBLD0419	3	3	2	2	3	3	2	2	3	2
GBLD0420	2	2	2	2	3	3	3	2	1	2
GBLD0421	2	3	3	2	3	3	2	2	1	2
GBLD0422	2	3	1	1	1	2	3	2	3	2
GBLD0423	3	2	3	2	3	3	3	3	3	1
GBLD0424	2	2	3	2	2	3	2	3	1	2
GBLD0425	3	3	3	1	2	2	3	1	3	2
GBLD0426	2	2	3	3	3	3	3	2	2	2
GBLD0427	3	3	3	2	2	3	2	2	3	2
GBLD0428	None	None	None	None	None	None	None	None	None	None
GBLD0429	2	3	3	3	2	2	2	3	2	2
GBLD0430	2	2	3	2	3	2	3	2	2	3
GBLD0431	3	2	1	2	3	3	3	2	3	2
GBLD0432	3	2	3	2	3	1	2	3	1	2
GBLD0433	2	2	3	2	3	2	3	3	3	2
GBLD0434	None	None	None	None	None	None	None	None	None	None
GBLD0435	2	2	3	3	2	2	1	2	2	3
GBLD0436	3	3	3	3	3	2	3	2	3	3
GBLD0437	2	3	1	1	2	2	3	1	3	2
GBLD0438	2	2	2	2	3	3	3	2	2	2
GBLD0439	2	2	2	1	2	2	2	2	2	3
GBLD0440	2	3	3	1	2	2	3	2	3	3
GBLD0441	2	3	2	1	3	3	1	2	1	2
GBLD0442	3	2	3	2	2	2	3	2	3	3
GBLD0443	3	2	3	2	1	2	3	2	2	3
GBLD0444	2	2	3	2	3	3	1	2	3	3
GBLD0445	3	3	3	2	3	2	2	2	2	3
GBLD0446	2	3	3	3	3	2	2	2	1	2
GBLD0447	2	3	3	2	3	2	3	2	1	2
GBLD0448	3	3	3	2	2	2	3	2	2	3
GBLD0449	2	2	2	2	3	3	2	2	2	2
GBLD0450	2	2	3	3	3	2	3	2	2	3
GBLD0451	3	2	3	2	3	2	3	2	2	3
GBLD0452	3	2	3	2	3	3	2	2	3	2
GBLD0453	3	3	3	3	3	2	3	2	3	3
GBLD0454	2	2	3	3	3	3	2	3	3	3
GBLD0455	2	2	3	2	3	3	1	2	2	3
GBLD0456	3	1	2	2	2	2	3	3	3	3
GBLD0457	2	2	2	1	1	1	3	2	2	1
GBLD0458	2	2	3	2	3	2	3	2	2	2
GBLD0459	2	2	3	2	3	2	3	2	3	2
GBLD0460	2	2	2	2	2	2	3	2	3	3
GBLD0461	3	3	3	3	3	3	3	3	3	3
GBLD0462	3	2	3	3	2	2	2	3	2	3
GBLD0463	3	3	3	2	3	3	1	2	2	3
GBLD0464	3	3	2	2	3	2	3	3	2	3
GBLD0465	3	3	3	2	2	2	2	2	3	3
GBLD0466	2	2	3	2	2	3	2	2	2	2
GBLD0467	3	2	3	2	3	2	2	2	2	3
GBLD0468	3	3	3	2	3	1	3	2	2	1
GBLD0469	3	2	3	3	3	3	3	3	1	3
GBLD0470	3	2	3	2	1	3	2	2	3	3
GBLD0471	2	3	3	2	3	3	3	2	2	3
GBLD0472	2	3	3	3	3	2	2	2	3	3
GBLD0473	3	2	3	2	1	2	2	2	2	3
GBLD0474	2	3	3	3	3	3	3	3	1	3
GBLD0475	3	2	3	2	2	2	2	2	2	2
GBLD0476	3	3	3	2	3	3	3	2	3	1
GBLD0477	3	2	2	2	3	2	2	3	2	3
GBLD0478	2	2	3	2	2	2	2	2	3	3
GBLD0479	2	3	3	2	2	2	2	2	3	3
GBLD0480	3	3	3	3	3	3	3	2	3	3
GBLD0481	3	3	3	2	2	2	2	2	2	3
GBLD0482	2	3	3	2	2	2	3	2	3	3
GBLD0483	2	2	2	2	3	2	3	2	3	2
GBLD0484	2	2	3	1	2	2	3	2	3	2
GBLD0485	3	3	3	2	3	3	2	2	2	3
GBLD0486	2	3	2	2	3	2	3	2	2	3
GBLD0487	2	2	3	2	2	2	3	2	2	3
GBLD0488	2	3	3	2	3	1	3	1	2	2
GBLD0489	1	2	2	2	3	3	3	2	3	2
GBLD0490	2	2	2	2	2	1	3	2	2	3
GBLD0491	3	3	2	2	2	2	3	2	2	2
GBLD0492	2	2	1	1	2	2	2	2	3	2
GBLD0493	2	1	3	1	3	2	3	2	2	2
GBLD0494	3	3	3	3	3	2	1	2	2	3
GBLD0495	2	2	2	1	3	3	3	3	3	1
GBLD0496	3	3	3	2	2	2	3	3	2	3
GBLD0497	2	2	3	2	2	2	1	3	2	3
GBLD0498	2	1	3	2	2	2	1	2	3	1
GBLD0499	1	3	3	3	2	3	2	2	2	3
GBLD0500	2	2	3	2	2	2	3	2	2	2
GBLD0501	2	2	3	2	3	3	3	2	3	2
GBLD0502	2	3	2	2	1	2	2	2	2	3
GBLD0503	1	3	3	2	3	3	2	3	2	3
GBLD0504	3	2	3	2	3	2	2	2	3	3
GBLD0505	3	3	3	3	3	2	2	3	3	3
GBLD0506	3	3	3	3	2	2	3	3	2	3
GBLD0507	2	2	3	2	3	2	2	2	2	3
GBLD0508	2	2	2	1	2	2	2	2	2	3
GBLD0509	2	2	3	2	1	2	2	2	2	3
GBLD0510	3	2	3	2	3	3	3	3	2	3
GBLD0511	2	3	3	2	2	2	3	3	3	3
GBLD0512	2	3	3	2	3	2	3	2	3	1
GBLD0513	2	3	2	1	3	2	3	2	2	2
GBLD0514	1	2	2	2	2	2	3	2	2	2
GBLD0515	3	2	2	2	2	2	2	2	2	2
GBLD0516	3	3	3	2	2	2	2	2	2	3
GBLD0517	3	2	3	2	3	3	2	3	3	3
GBLD0518	3	2	2	2	3	1	3	2	3	3
GBLD0519	3	2	3	2	3	2	2	2	2	2
GBLD0520	2	3	3	2	3	2	2	2	3	3
GBLD0521	2	3	2	2	3	2	3	2	3	3
GBLD0522	1	3	3	2	3	2	3	2	3	3
GBLD0523	3	3	3	2	1	2	1	2	3	3
GBLD0524	2	3	3	2	3	3	2	3	3	3
GBLD0525	2	3	1	2	2	2	2	2	3	3
GBLD0526	3	3	2	2	3	2	1	2	1	3
GBLD0527	2	2	3	2	2	2	2	2	2	2
GBLD0528	2	2	2	2	3	2	2	2	3	2
GBLD0529	3	3	3	2	2	3	2	2	3	3
GBLD0530	2	3	3	2	3	2	2	3	2	2
GBLD0531	2	3	3	3	2	2	1	2	2	3
GBLD0532	2	2	3	2	2	3	3	2	3	1
GBLD0533	2	2	2	2	2	2	2	2	3	2
GBLD0534	2	3	3	2	3	3	3	2	1	2
GBLD0535	2	2	3	2	2	2	3	2	3	2
GBLD0536	3	3	3	2	3	2	2	2	3	3
GBLD0537	2	2	3	3	2	3	3	2	3	2
GBLD0538	2	3	3	2	2	2	3	2	2	3
GBLD0539	2	2	3	2	2	2	2	2	3	3
GBLD0540	3	3	3	2	3	3	3	3	1	3
GBLD0541	2	3	3	2	2	2	3	2	2	3
GBLD0542	3	2	3	3	3	3	3	2	2	3
GBLD0543	3	2	3	2	3	2	2	2	1	3
GBLD0544	2	2	3	2	2	2	2	2	3	2
GBLD0545	3	2	3	2	2	2	3	2	3	2
GBLD0546	1	2	2	2	2	1	1	3	1	3
GBLD0547	1	2	1	1	1	1	3	1	3	2
GBLD0548	2	3	2	2	3	3	3	2	2	2
GBLD0549	2	2	2	2	2	2	2	2	2	3
GBLD0550	2	3	3	2	3	3	3	2	3	2
GBLD0551	2	2	3	2	3	3	3	2	3	3
GBLD0552	3	3	3	3	3	3	3	3	3	3
GBLD0553	3	2	3	2	2	2	2	2	2	2
GBLD0554	2	3	3	3	3	2	3	2	2	3
GBLD0555	2	1	2	2	3	2	3	2	3	3
GBLD0556	3	2	3	2	3	2	3	2	2	3
GBLD0557	2	2	3	3	2	3	1	2	2	3
GBLD0558	2	2	2	2	1	1	3	2	3	1
GBLD0559	2	3	3	2	2	2	2	3	3	3
GBLD0560	3	2	3	2	3	3	2	2	2	3
GBLD0561	3	3	3	3	3	2	3	3	3	3
GBLD0562	2	3	3	1	2	2	3	2	2	1
GBLD0563	2	3	3	3	3	3	3	3	3	3
GBLD0564	2	2	1	1	2	1	3	1	2	1
GBLD0565	2	2	3	2	3	3	3	2	3	3
GBLD0566	2	2	3	2	3	2	3	2	2	2
GBLD0567	2	3	2	2	1	2	3	2	3	3
GBLD0568	2	2	3	1	2	2	3	2	2	2
GBLD0569	3	2	3	3	3	2	2	3	2	2
GBLD0570	2	2	3	2	1	2	3	2	2	2
GBLD0571	3	3	3	2	2	3	1	2	3	2
GBLD0572	3	3	3	3	3	2	3	2	3	1
GBLD0573	1	1	1	1	1	2	1	1	1	1
GBLD0574	2	3	3	3	2	2	3	3	2	3
GBLD0575	2	3	3	2	3	2	2	2	3	3
GBLD0576	2	3	3	2	2	2	3	2	2	2
GBLD0577	2	2	1	2	3	2	2	2	3	3
GBLD0578	2	3	3	1	2	2	2	2	2	2
GBLD0579	2	2	3	2	3	2	3	3	2	3
GBLD0580	2	1	2	1	1	2	2	2	3	2
GBLD0581	2	2	3	2	3	2	2	3	2	2
GBLD0582	2	2	3	2	1	2	2	2	3	2
GBLD0583	3	3	2	2	2	2	3	2	2	3
GBLD0584	2	1	3	2	3	2	2	2	2	2
GBLD0585	1	2	2	2	2	2	2	2	3	3
GBLD0586	2	2	2	2	2	2	2	2	2	2
GBLD0587	2	3	2	2	3	3	3	2	2	3
GBLD0588	2	3	3	2	3	2	3	2	3	2
GBLD0589	2	3	3	3	2	3	3	3	2	3
GBLD0590	3	2	2	1	2	1	3	2	2	3
GBLD0591	3	2	3	3	3	2	3	2	3	2
GBLD0592	3	3	3	3	3	3	1	3	3	3
GBLD0593	3	2	3	2	2	2	2	2	3	2
GBLD0594	3	3	2	2	2	2	2	3	1	2
GBLD0595	3	2	3	2	2	1	2	1	1	2
GBLD0596	2	2	3	2	3	2	3	2	2	3
GBLD0597	3	3	3	3	3	3	3	3	3	3
GBLD0598	2	3	3	2	1	2	3	2	3	3
GBLD0599	3	2	3	2	3	2	3	3	3	2
GBLD0600	2	3	2	2	3	2	3	2	3	2
GBLD0601	3	3	3	3	3	2	2	3	3	3
GBLD0602	3	3	2	2	3	2	3	2	3	3
GBLD0603	3	2	3	2	3	2	3	2	2	3
GBLD0604	2	3	3	3	3	2	3	3	2	3
GBLD0605	3	3	3	2	3	3	3	2	3	3
GBLD0606	3	2	3	3	3	2	3	2	3	3
GBLD0607	3	2	3	3	2	2	3	2	3	3
GBLD0608	1	2	2	1	2	2	2	2	2	3
GBLD0609	3	3	2	2	3	2	2	1	2	2
GBLD0610	2	2	3	2	3	2	3	2	1	3
GBLD0611	3	2	3	3	3	2	3	2	3	3
GBLD0612	3	3	3	2	2	2	3	2	3	3
GBLD0613	2	2	3	2	2	2	2	2	2	2
GBLD0614	3	3	3	3	3	3	3	2	2	1
GBLD0615	2	2	3	2	2	2	3	2	3	2
GBLD0616	3	2	1	2	2	2	2	1	2	2
GBLD0617	3	3	3	3	3	3	3	2	2	2
GBLD0618	2	3	3	2	3	3	3	2	1	3
GBLD0619	2	2	2	1	3	2	3	2	1	3
GBLD0620	2	2	3	1	3	2	2	2	2	2
GBLD0621	3	2	3	2	3	2	2	2	2	3
GBLD0622	2	3	3	2	3	2	3	2	3	3
GBLD0623	2	3	3	2	2	3	3	2	2	2
GBLD0624	3	3	2	1	2	2	3	2	3	2
GBLD0625	2	3	3	2	3	2	2	2	3	3
GBLD0626	3	3	3	2	2	2	3	2	2	3
GBLD0627	3	3	3	3	3	2	3	3	2	3
GBLD0628	1	2	3	2	3	2	2	3	2	2
GBLD0629	2	2	3	3	2	3	2	2	3	3
GBLD0630	2	2	2	1	2	2	2	2	2	1
GBLD0631	3	2	3	2	3	3	3	2	2	2
GBLD0632	2	3	3	2	3	2	3	2	1	2
GBLD0633	2	2	3	2	3	3	1	2	2	2
GBLD0634	3	3	3	3	3	2	2	2	3	3
GBLD0635	2	3	3	2	2	3	3	2	2	3
GBLD0636	2	2	3	2	3	3	3	2	1	3
GBLD0637	3	3	3	3	3	3	3	3	3	3
GBLD0638	1	3	3	2	2	3	2	3	1	3
GBLD0639	2	2	2	2	2	2	3	2	1	2
GBLD0640	3	3	3	3	3	2	3	2	3	3
GBLD0641	2	3	3	3	2	2	3	2	2	1
GBLD0642	1	3	3	3	2	2	2	2	2	2
GBLD0643	3	3	3	3	3	2	2	2	2	1
GBLD0644	3	3	3	3	2	1	3	2	2	2
GBLD0645	3	3	2	2	2	2	2	2	1	2
GBLD0646	None	None	None	None	None	None	None	None	None	None
GBLD0647	2	2	3	2	2	3	3	2	2	3
GBLD0648	2	3	2	2	2	2	3	2	3	2
GBLD0649	2	1	1	2	3	2	3	2	2	2
GBLD0650	3	3	3	3	3	3	2	2	3	2
GBLD0651	3	2	3	2	2	2	2	3	3	3
GBLD0652	2	2	3	2	3	2	3	2	2	3
GBLD0653	2	2	2	2	3	2	3	2	3	1
GBLD0654	2	3	3	2	3	2	2	3	3	3
GBLD0655	3	2	3	3	2	2	3	2	3	2
GBLD0656	2	3	1	1	3	2	3	2	3	3
GBLD0657	2	1	2	2	3	1	3	2	3	1
GBLD0658	2	2	2	1	2	1	2	2	3	2
GBLD0659	3	2	3	2	2	2	3	2	2	3
GBLD0660	3	2	3	3	2	2	3	3	2	3
GBLD0661	2	2	3	3	3	3	2	2	3	2
GBLD0662	1	1	3	3	3	3	3	3	3	1
GBLD0663	2	3	3	2	3	2	3	2	3	3
GBLD0664	3	3	3	2	2	3	3	3	3	3
GBLD0665	2	3	3	3	3	2	3	2	3	2
GBLD0666	2	3	3	2	3	3	3	2	3	3
GBLD0667	3	3	2	2	3	2	3	2	3	2
GBLD0668	2	2	2	2	2	1	3	1	3	2
GBLD0669	2	2	2	2	3	2	3	2	3	2
GBLD0670	3	2	3	2	2	2	2	2	2	3
GBLD0671	2	2	3	2	2	2	3	2	2	2
GBLD0672	3	3	3	3	3	2	3	3	2	3
GBLD0673	3	3	3	3	3	3	3	3	3	3
GBLD0674	2	2	3	3	3	3	3	2	2	3
GBLD0675	3	2	3	2	2	3	2	2	3	3
GBLD0676	None	None	None	None	None	None	None	None	None	None
GBLD0677	2	3	2	2	2	2	3	2	2	3
GBLD0678	2	2	2	2	2	1	3	1	3	2
GBLD0679	3	2	3	2	3	2	3	2	2	2
GBLD0680	3	2	1	1	2	2	3	2	2	2
GBLD0681	3	2	2	1	2	1	3	2	1	2
GBLD0682	2	2	2	2	3	2	2	2	3	3
GBLD0683	2	3	3	2	3	2	2	2	3	3
GBLD0684	3	2	3	2	3	2	2	2	3	3
GBLD0685	3	3	3	3	3	3	2	3	2	3
GBLD0686	3	3	3	2	2	3	3	2	2	2
GBLD0687	3	3	3	3	3	3	3	3	3	3
GBLD0688	1	3	3	3	3	2	3	3	3	3
GBLD0689	2	3	3	2	2	2	3	3	3	3
GBLD0690	2	2	3	2	3	2	2	2	2	3
GBLD0691	3	3	3	3	3	3	2	3	3	3
GBLD0692	3	3	2	2	3	3	2	3	1	2
GBLD0693	2	3	3	2	2	3	3	2	3	3
GBLD0694	2	2	3	2	3	2	2	2	2	2
GBLD0695	2	3	3	2	2	2	2	2	3	2
GBLD0696	2	3	3	3	3	3	3	3	3	3
GBLD0697	3	3	3	2	1	2	2	2	2	2
GBLD0698	3	3	3	2	3	3	2	2	2	3
GBLD0699	2	3	3	2	3	2	3	2	1	3
GBLD0700	2	2	1	2	3	1	2	1	3	2
GBLD0701	3	2	3	2	3	2	3	2	1	1
GBLD0702	3	3	3	3	3	3	3	3	2	3
GBLD0703	3	2	2	2	3	2	3	2	3	2
GBLD0704	3	3	3	2	3	2	2	2	2	3
GBLD0705	2	2	3	2	2	3	3	2	2	3
GBLD0706	2	2	2	2	2	2	3	2	2	3
GBLD0707	2	2	3	2	2	2	3	2	3	3
GBLD0708	3	3	3	2	3	2	2	2	2	3
GBLD0709	3	3	3	2	3	2	2	3	3	3
GBLD0710	3	3	3	2	3	2	3	2	2	3
GBLD0711	2	2	2	2	3	2	2	2	2	3
GBLD0712	3	2	1	3	2	2	3	3	3	3
GBLD0713	2	3	3	2	3	2	3	2	2	3
GBLD0714	2	2	3	2	3	3	3	2	2	2
GBLD0715	3	2	3	2	3	2	3	2	3	3
GBLD0716	2	3	2	2	2	2	3	2	2	2
GBLD0717	3	3	2	1	3	2	3	2	2	2
GBLD0718	3	2	3	2	3	2	3	3	3	2
GBLD0719	3	3	3	3	3	3	2	3	3	3
GBLD0720	3	2	3	3	2	3	2	3	2	3
GBLD0721	2	2	3	2	2	2	3	2	3	2
GBLD0722	2	2	2	1	1	1	3	2	2	2
GBLD0723	3	2	3	1	3	2	1	1	3	3
GBLD0724	2	3	3	3	3	2	2	3	2	2
GBLD0725	1	1	3	2	1	3	2	2	2	3
GBLD0726	2	3	3	2	2	3	3	2	2	2
GBLD0727	3	3	3	2	3	2	2	2	2	3
GBLD0728	3	2	2	3	1	3	2	2	3	3
GBLD0729	2	3	3	2	2	3	3	3	3	3
GBLD0730	2	3	3	2	3	2	2	2	3	3
GBLD0731	3	1	3	3	2	3	2	2	1	3
GBLD0732	3	3	3	3	3	3	2	2	1	2
GBLD0733	3	3	2	2	2	2	3	2	2	3
GBLD0734	2	3	3	2	3	3	3	2	2	2
GBLD0735	3	2	2	2	2	2	2	1	1	2
GBLD0736	2	2	3	2	2	2	1	2	1	2
GBLD0737	3	3	3	2	3	2	3	2	1	2
GBLD0738	3	2	2	2	2	2	2	2	2	3
GBLD0739	2	2	3	2	3	3	2	2	2	3
GBLD0740	2	3	2	1	2	2	2	2	1	2
GBLD0741	3	3	3	3	1	2	1	3	1	3
GBLD0742	2	1	3	2	2	2	3	3	3	2
GBLD0743	2	2	3	2	3	2	3	2	3	3
GBLD0744	3	3	3	2	3	2	3	2	2	3
GBLD0745	2	2	2	2	2	2	2	2	3	2
GBLD0746	2	2	3	2	2	2	3	2	3	3
GBLD0747	2	3	3	2	2	1	3	3	2	3
GBLD0748	2	2	2	2	3	3	2	2	2	2
GBLD0749	3	3	3	2	2	2	2	2	2	3
GBLD0750	2	3	3	2	2	2	2	2	3	3
GBLD0751	2	3	3	3	2	3	2	2	3	3
GBLD0752	2	3	3	2	3	3	3	2	3	3
GBLD0753	2	2	2	2	1	2	2	2	3	2
GBLD0754	2	2	2	1	3	3	3	2	2	2
GBLD0755	3	2	3	2	3	2	3	2	2	2
GBLD0756	2	2	3	2	3	2	2	2	3	2
GBLD0757	3	3	1	2	3	2	3	3	2	2
GBLD0758	2	2	3	2	3	2	3	2	3	3
GBLD0759	2	1	1	1	1	1	3	1	3	2
GBLD0760	2	3	3	3	3	2	3	2	3	3
GBLD0761	2	3	3	3	3	2	2	2	3	3
GBLD0762	3	2	3	2	2	2	3	3	3	3
GBLD0763	3	2	3	3	1	3	2	2	2	3
GBLD0764	2	2	3	2	3	3	3	2	2	2
GBLD0765	3	3	2	1	2	2	3	2	2	1
GBLD0766	3	3	3	3	3	3	2	3	3	3
GBLD0767	2	2	2	2	2	3	1	2	2	1
GBLD0768	2	2	2	2	1	2	2	2	3	2
GBLD0769	2	3	2	2	3	3	3	1	1	3
GBLD0770	2	3	3	2	3	2	3	2	2	3
GBLD0771	2	2	2	2	3	2	3	2	1	2
GBLD0772	3	3	3	2	3	2	3	3	2	3
GBLD0773	2	2	1	1	1	2	3	2	3	3
GBLD0774	2	3	3	1	2	1	2	2	2	1
GBLD0775	3	2	2	2	2	3	1	2	1	3
GBLD0776	3	None	None	None	None	None	None	None	None	None
GBLD0777	3	3	3	2	3	3	3	3	3	3
GBLD0778	2	3	3	3	3	3	3	2	3	3
GBLD0779	3	2	3	2	3	1	3	1	3	1
GBLD0780	3	3	3	2	2	2	3	3	1	3
GBLD0781	3	3	3	3	2	2	2	2	2	3
GBLD0782	2	3	3	2	2	2	3	3	3	3
GBLD0783	3	2	3	2	3	2	3	2	2	3
GBLD0784	2	2	2	2	3	2	2	2	2	2
GBLD0785	3	3	3	2	3	2	3	3	2	3
GBLD0786	2	2	3	2	3	2	3	2	3	2
GBLD0787	3	3	3	3	3	3	3	3	3	3
GBLD0788	2	2	3	2	1	2	2	2	2	2
GBLD0789	2	3	3	2	3	2	2	2	3	3
GBLD0790	2	2	3	2	2	2	3	2	2	3
GBLD0791	3	2	3	2	2	2	2	2	2	2
GBLD0792	2	2	3	2	2	2	2	2	2	3
GBLD0793	2	2	3	2	2	2	2	2	3	1
GBLD0794	3	3	3	3	2	2	2	2	3	1
GBLD0795	2	3	2	2	2	1	2	1	1	2
GBLD0796	2	3	3	2	3	2	2	2	3	3
GBLD0797	3	3	3	2	2	3	2	2	3	3
GBLD0798	3	3	3	3	3	2	2	3	3	3
GBLD0799	3	3	3	2	3	2	3	2	2	2
GBLD0800	3	2	3	2	2	2	3	2	3	3
GBLD0801	2	2	2	2	3	2	3	3	2	3
GBLD0802	2	3	3	2	2	3	3	3	2	2
GBLD0803	2	2	2	1	2	3	3	3	2	1
GBLD0804	3	2	2	2	3	2	3	2	1	3
GBLD0805	2	3	2	2	2	1	3	2	3	2
GBLD0806	3	3	3	2	2	2	2	3	3	3
GBLD0807	1	2	3	2	2	2	3	2	3	2
GBLD0808	3	2	3	2	3	2	3	3	2	3
GBLD0809	2	2	3	2	3	2	2	2	3	3
GBLD0810	3	2	3	3	3	2	2	3	3	3
GBLD0811	3	2	3	2	2	2	2	2	2	3
GBLD0812	2	3	2	1	3	3	3	2	1	1
GBLD0813	3	2	3	2	3	3	2	2	2	3
GBLD0814	2	3	3	3	3	2	3	3	2	2
GBLD0815	2	3	3	2	3	3	2	2	1	2
GBLD0816	2	1	2	1	2	1	3	2	1	3
GBLD0817	3	3	3	3	3	3	3	3	3	3
GBLD0818	3	3	3	2	2	2	3	2	3	3
GBLD0819	2	2	3	2	3	2	3	2	2	2
GBLD0820	3	3	3	3	3	2	3	3	3	3
GBLD0821	3	2	3	1	1	2	3	2	2	2
GBLD0822	2	2	3	2	3	2	3	2	2	3
GBLD0823	2	3	2	2	2	2	3	2	2	2
GBLD0824	3	3	3	2	3	3	3	2	3	3
GBLD0825	3	3	3	2	3	2	3	3	1	3
GBLD0826	2	3	3	2	3	2	3	3	2	3
GBLD0827	3	2	3	2	3	3	2	2	2	3
GBLD0828	3	3	3	2	3	2	3	2	3	3
GBLD0829	3	2	3	2	3	2	2	2	3	1
GBLD0830	3	3	2	1	3	2	3	2	2	3
GBLD0831	2	2	3	2	1	2	3	2	2	2
GBLD0832	3	3	3	2	1	2	1	2	2	3
GBLD0833	3	3	3	3	2	3	3	3	3	3
GBLD0834	2	2	3	2	3	3	2	2	1	3
GBLD0835	3	2	2	2	3	2	3	2	3	2
GBLD0836	3	3	3	2	2	3	2	3	2	3
GBLD0837	3	3	3	3	3	2	3	3	3	3
GBLD0838	3	3	2	1	3	2	2	3	3	2
GBLD0839	3	3	3	2	3	3	3	2	3	3
GBLD0840	2	2	3	1	2	3	3	2	1	2
GBLD0841	3	3	3	2	2	3	3	1	2	3
GBLD0842	3	3	3	3	1	2	3	2	1	2
GBLD0843	2	2	2	2	2	2	2	2	1	2
GBLD0844	2	3	2	2	2	3	2	2	1	2
GBLD0845	2	2	3	2	2	2	3	2	2	3
GBLD0846	2	3	3	2	3	2	2	3	3	3
GBLD0847	3	3	3	2	2	2	3	2	3	3
GBLD0848	3	3	3	3	3	2	3	3	1	3
GBLD0849	3	3	3	2	2	3	3	2	2	3
GBLD0850	3	3	3	3	3	2	3	3	3	3
GBLD0851	2	2	3	2	3	3	2	2	2	3
GBLD0852	3	3	3	3	3	2	3	3	1	3
GBLD0853	3	3	3	2	3	3	3	2	1	3
GBLD0854	2	3	3	2	3	2	3	2	3	3
GBLD0855	2	3	3	2	3	2	3	2	2	1
GBLD0856	2	3	3	2	3	2	3	2	3	3
GBLD0857	3	3	3	2	3	2	3	2	3	3
GBLD0858	3	3	3	2	3	2	3	2	2	3
GBLD0859	2	3	3	3	3	3	3	3	3	3
GBLD0860	2	3	3	2	2	2	2	3	1	3
GBLD0861	3	2	3	2	3	3	3	2	3	3
GBLD0862	2	3	3	3	3	3	2	2	3	3
GBLD0863	3	3	3	2	3	2	2	3	2	3
GBLD0864	3	3	3	3	2	2	3	2	3	3
GBLD0865	3	2	3	2	3	3	3	3	3	3
GBLD0866	3	3	3	2	3	2	3	2	2	2
GBLD0867	2	2	3	3	3	3	3	2	3	3
GBLD0868	3	3	2	2	3	2	3	2	3	3
GBLD0869	2	3	3	2	2	3	2	2	3	3
GBLD0870	3	3	3	2	3	2	2	2	3	3
GBLD0871	3	3	3	2	3	2	2	2	3	3
GBLD0872	2	3	2	1	1	2	3	2	3	2
GBLD0873	3	3	3	2	3	3	3	2	2	3
GBLD0874	3	3	3	3	2	3	3	2	3	1
GBLD0875	3	2	2	2	2	2	3	2	1	2
GBLD0876	2	2	2	2	3	2	3	2	1	2
GBLD0877	2	2	3	3	3	3	3	2	2	3
GBLD0878	2	2	3	2	3	3	3	2	3	2
GBLD0879	3	3	3	3	3	3	2	3	3	3
GBLD0880	3	3	3	3	3	3	3	3	3	3
GBLD0881	3	3	3	3	3	2	1	3	3	3
GBLD0882	2	2	3	2	2	2	3	2	3	3
GBLD0883	3	3	3	2	2	3	3	2	2	2
GBLD0884	3	2	3	2	1	2	3	2	3	3
GBLD0885	2	2	2	2	2	3	3	2	1	2
GBLD0886	2	3	3	3	3	3	3	2	2	3
GBLD0887	2	2	2	1	1	1	2	2	2	2
GBLD0888	3	2	2	2	2	1	2	2	2	2
GBLD0889	2	2	2	2	3	2	3	2	2	2
GBLD0890	2	2	2	2	2	2	3	2	2	2
GBLD0891	3	3	3	3	3	3	3	3	3	3
GBLD0892	2	2	3	2	2	2	3	2	3	3
GBLD0893	3	3	3	2	3	3	3	2	3	3
GBLD0894	2	2	2	2	2	2	3	2	3	2
GBLD0895	2	2	3	3	2	2	3	2	2	3
GBLD0896	3	3	3	3	3	2	3	2	3	3
GBLD0897	2	2	3	2	3	3	3	2	2	3
GBLD0898	2	2	2	1	2	2	3	2	2	2
GBLD0899	2	3	3	2	3	3	3	3	3	3
GBLD0900	2	2	3	2	2	2	3	2	2	3
GBLD0901	2	3	1	2	3	2	3	2	2	1
GBLD0902	3	3	3	2	3	2	2	2	2	3
GBLD0903	2	2	3	2	3	2	3	2	2	2
GBLD0904	2	1	3	2	3	2	2	3	2	2
GBLD0905	3	3	3	2	2	2	3	2	2	3
GBLD0906	2	3	3	2	3	2	2	2	2	3
GBLD0907	3	3	2	2	3	2	2	2	3	1
GBLD0908	3	3	3	3	3	3	2	2	3	3
GBLD0909	3	3	3	2	2	2	1	2	3	3
GBLD0910	3	3	2	1	2	2	2	1	2	1
GBLD0911	2	2	3	2	2	1	2	2	2	2
GBLD0912	2	2	3	2	2	2	3	2	3	2
GBLD0913	2	3	3	3	2	2	2	2	3	3
GBLD0914	2	2	1	2	1	2	1	2	2	2
GBLD0915	3	3	3	2	3	2	2	3	1	3
GBLD0916	3	3	3	2	2	2	2	2	1	3
GBLD0917	2	3	3	3	3	2	1	2	3	3
GBLD0918	2	2	2	2	3	2	3	2	2	2
GBLD0919	2	2	3	2	2	2	2	2	2	3
GBLD0920	2	2	3	2	2	2	2	2	3	1
GBLD0921	3	3	3	3	3	2	2	2	2	2
GBLD0922	3	3	3	2	3	2	3	2	2	1
GBLD0923	2	2	3	2	1	3	1	2	2	3
GBLD0924	3	3	3	3	3	3	3	3	2	3
GBLD0925	3	3	3	3	3	3	3	3	3	3
GBLD0926	2	3	2	2	2	2	3	2	2	2
GBLD0927	3	3	3	2	3	2	3	2	2	3
GBLD0928	2	3	3	3	2	3	3	3	2	3
GBLD0929	2	3	3	2	3	2	2	2	2	3
GBLD0930	2	3	2	1	2	2	3	2	3	1
GBLD0931	3	3	3	3	3	3	3	2	2	3
GBLD0932	2	3	3	3	3	3	3	3	3	3
GBLD0933	2	2	2	1	2	2	3	2	1	1
GBLD0934	2	3	3	2	2	3	2	2	1	2
GBLD0935	2	2	2	2	3	2	3	2	2	3
GBLD0936	3	3	3	3	3	2	3	2	3	3
GBLD0937	3	3	3	3	3	3	2	3	2	3
GBLD0938	2	3	2	3	2	2	3	3	2	3
GBLD0939	2	3	2	2	1	2	3	2	3	3
GBLD0940	2	1	1	1	2	2	3	2	2	1
GBLD0941	2	3	3	2	2	2	2	2	2	3
GBLD0942	2	3	3	3	3	3	3	3	3	3
GBLD0943	3	3	3	2	2	3	3	2	3	3
GBLD0944	2	2	2	2	3	2	3	2	2	3
GBLD0945	2	2	3	3	3	2	3	3	3	3
GBLD0946	2	3	3	2	3	2	3	2	2	3
GBLD0947	2	2	2	1	2	1	2	2	2	3
GBLD0948	3	3	1	2	2	1	3	1	2	3
GBLD0949	3	2	3	3	3	2	2	2	2	3
GBLD0950	2	2	3	2	3	2	2	2	2	3
GBLD0951	3	2	3	2	2	2	3	2	2	2
GBLD0952	3	2	3	2	3	2	3	2	2	2
GBLD0953	2	2	2	2	3	3	3	2	3	2
GBLD0954	3	3	3	3	3	3	3	2	3	3
GBLD0955	3	3	3	3	3	3	3	3	3	3
GBLD0956	2	3	3	2	2	2	3	2	2	1
GBLD0957	3	3	3	3	3	3	2	3	1	3
GBLD0958	3	3	3	3	3	2	2	2	3	3
GBLD0959	2	2	3	2	2	2	3	2	3	2
GBLD0960	3	3	3	3	3	2	3	3	3	3
GBLD0961	2	2	3	2	2	2	3	2	2	1
GBLD0962	3	2	3	3	2	2	2	3	2	3
GBLD0963	3	3	3	3	3	3	3	3	3	3
GBLD0964	2	2	3	2	3	3	3	2	2	2
GBLD0965	3	3	3	3	3	2	3	3	3	3
GBLD0966	3	3	3	3	3	3	3	3	3	3
GBLD0967	2	3	3	3	3	3	3	3	3	3
GBLD0968	2	2	3	1	3	2	2	2	2	1
GBLD0969	3	3	3	2	2	2	3	2	2	2
GBLD0970	2	2	3	3	2	2	2	2	2	3
GBLD0971	2	2	3	1	2	1	2	2	3	2
GBLD0972	3	2	2	1	2	2	3	2	2	2
GBLD0973	3	3	3	3	3	2	3	2	3	3
GBLD0974	3	3	3	2	2	3	2	3	2	3
GBLD0975	3	3	2	2	1	2	1	2	2	3
GBLD0976	2	3	3	2	2	2	3	2	2	3
GBLD0977	3	3	3	3	3	2	3	3	3	3
GBLD0978	3	3	2	2	3	2	2	2	3	3
GBLD0979	3	3	3	2	3	2	3	2	2	3
GBLD0980	3	2	3	2	2	2	2	2	3	3
GBLD0981	3	3	3	2	2	2	1	2	2	3
GBLD0982	3	3	3	3	2	3	2	3	3	3
GBLD0983	2	2	2	2	3	3	2	2	2	3
GBLD0984	3	3	3	2	3	2	3	3	1	3
GBLD0985	2	3	3	2	2	3	2	2	3	2
GBLD0986	3	2	2	2	3	3	3	2	2	2
GBLD0987	2	3	3	2	2	2	3	2	2	3
GBLD0988	3	3	3	2	3	2	3	2	2	2
GBLD0989	3	3	3	3	3	2	3	3	2	3
GBLD0990	2	3	2	2	3	2	3	2	2	2
GBLD0991	3	3	3	2	2	2	2	2	2	3
GBLD0992	2	2	3	2	2	2	2	2	3	3
GBLD0993	2	2	3	2	2	3	2	2	2	3
GBLD0994	2	3	3	2	3	3	2	2	3	3
GBLD0995	2	3	2	2	3	3	2	2	2	3
GBLD0996	2	2	1	1	1	1	1	1	2	2
GBLD0997	3	3	3	2	2	2	2	2	2	3
GBLD0998	2	3	3	2	3	2	2	2	2	3
GBLD0999	2	3	3	2	3	2	3	2	3	3
GBLD1001	2	None	None	None	None	None	None	None	None	None
GBLD1002	2	3	3	2	3	2	3	3	3	3
GBLD1003	3	3	3	2	1	2	1	2	2	3
GBLD1004	2	3	1	2	3	1	3	2	3	2
GBLD1005	3	3	3	3	3	3	3	3	3	3
GBLD1006	2	3	3	3	3	3	2	3	3	3
GBLD1007	3	3	3	2	2	3	3	3	3	3
GBLD1008	2	2	3	2	3	2	3	2	3	3
GBLD1009	2	2	3	2	3	3	3	3	3	3
GBLD1010	3	3	3	3	2	2	3	3	2	3
GBLD1011	3	3	3	2	2	2	3	2	3	3
GBLD1012	3	3	3	3	3	3	2	2	2	3
GBLD1013	2	3	2	1	3	2	3	2	2	3
GBLD1014	3	2	3	2	3	2	2	3	2	3
GBLD1015	3	3	3	2	3	2	2	2	3	3
GBLD1016	3	3	3	2	3	2	3	3	3	1
GBLD1017	2	2	3	2	3	2	3	3	2	2
GBLD1018	2	3	3	3	3	3	3	3	3	2
GBLD1019	3	2	3	2	3	1	3	2	3	2
GBLD1020	2	2	3	3	3	2	2	3	3	3
GBLD1021	3	2	3	2	3	2	2	3	3	3
GBLD1022	3	2	3	2	2	2	3	2	2	2
GBLD1023	2	2	3	3	3	3	3	3	1	3
GBLD1024	2	3	3	2	3	2	2	2	2	3
GBLD1025	2	2	2	2	3	3	2	2	1	2
GBLD1026	3	2	3	2	3	3	3	2	2	3
GBLD1027	3	3	3	2	2	3	2	2	3	3
GBLD1028	3	2	2	2	2	2	2	2	2	3
GBLD1029	2	2	1	1	3	2	3	2	1	2
GBLD1030	3	3	3	2	2	3	2	2	3	3
GBLD1031	2	2	3	3	3	3	3	2	2	2
GBLD1032	3	3	3	2	2	2	2	2	3	3
GBLD1033	2	2	2	1	3	1	3	2	3	1
GBLD1034	3	3	3	3	3	2	3	2	3	3
GBLD1035	3	3	3	2	3	3	3	3	3	3
GBLD1036	2	2	3	2	3	3	2	2	2	2
GBLD1037	3	3	3	3	3	2	1	2	3	3
GBLD1038	3	2	2	2	2	2	3	2	3	2
GBLD1039	3	3	3	2	3	2	3	2	2	3
GBLD1040	2	3	2	2	3	3	3	2	3	3
GBLD1041	2	3	2	2	3	3	3	2	2	3
GBLD1042	2	3	3	3	2	2	3	3	2	3
GBLD1043	1	2	2	1	2	1	3	1	2	2
GBLD1044	2	3	3	2	3	2	3	2	2	3
GBLD1045	2	3	3	1	3	2	3	3	3	3
GBLD1046	3	3	3	3	3	2	3	2	3	3
GBLD1047	2	3	3	2	2	1	2	2	3	3
GBLD1048	3	2	3	2	3	2	3	2	2	3
GBLD1049	3	3	3	2	3	2	3	3	2	3
GBLD1050	3	2	2	2	3	2	3	2	3	3
GBLD1051	2	3	3	2	3	2	2	2	3	3
GBLD1052	3	3	3	3	3	3	3	3	3	3
GBLD1053	2	1	2	3	2	2	2	2	3	2
GBLD1054	3	3	3	3	3	2	3	3	3	3
GBLD1055	3	2	3	2	3	2	3	2	3	3
GBLD1056	2	3	2	2	2	2	2	2	3	2
GBLD1057	2	3	2	2	3	2	3	2	3	3
GBLD1058	2	2	3	2	2	2	3	2	1	2
GBLD1059	2	2	3	2	3	2	3	2	2	3
GBLD1060	2	3	3	3	2	2	3	2	3	3
GBLD1061	3	3	3	3	3	3	3	3	2	2
GBLD1062	3	3	2	2	2	2	2	2	1	2
GBLD1063	2	2	3	2	1	1	3	2	2	2
GBLD1064	3	2	3	2	2	2	3	2	3	2
GBLD1065	2	3	3	3	2	3	3	1	2	2
GBLD1066	3	3	3	3	3	3	3	3	3	3
GBLD1067	3	2	3	2	3	3	3	2	1	2
GBLD1068	3	2	2	2	3	2	2	2	2	3
GBLD1069	3	2	2	2	2	2	3	2	3	3
GBLD1070	2	3	3	3	3	1	3	2	2	3
GBLD1071	2	3	3	3	3	2	3	2	3	3
GBLD1072	2	2	3	2	3	2	3	2	2	3
GBLD1073	2	3	2	2	3	2	3	2	2	2
GBLD1074	2	3	3	3	2	2	3	2	3	2
GBLD1075	3	3	3	3	2	2	1	3	2	3
GBLD1076	3	2	2	3	3	2	3	2	1	3
GBLD1077	3	3	3	2	3	2	1	2	2	2
GBLD1078	2	2	3	2	3	3	3	2	2	3
GBLD1079	3	3	3	3	3	3	1	3	3	3
GBLD1080	3	2	3	2	3	3	3	2	3	3
GBLD1081	3	3	2	2	2	2	2	2	3	3
GBLD1082	3	3	2	2	3	2	3	2	2	2
GBLD1083	None	None	None	None	None	None	None	None	None	None
GBLD1084	2	2	3	3	1	3	3	2	2	1
GBLD1085	3	3	3	2	2	2	3	3	3	3
GBLD1086	3	3	3	3	3	2	3	3	3	3
GBLD1087	3	2	3	3	3	3	2	2	3	3
GBLD1088	1	2	3	3	3	3	3	3	1	3
GBLD1089	2	3	3	3	3	3	2	3	3	3
GBLD1090	3	3	3	2	3	2	3	3	3	3
GBLD1091	3	2	3	2	3	2	3	1	3	2
GBLD1092	3	3	3	2	1	2	3	2	2	3
GBLD1093	2	2	3	2	2	2	3	2	3	1
GBLD1094	2	1	1	1	2	2	3	1	2	1
GBLD1095	3	3	3	2	3	3	2	3	3	2
GBLD1096	3	3	3	3	3	2	3	3	2	3
GBLD1097	2	2	3	2	3	3	3	3	3	3
GBLD1098	2	3	3	2	3	2	3	2	2	2
GBLD1099	3	2	3	3	3	3	2	2	3	3
GBLD1100	2	2	2	2	2	2	2	2	2	2
GBLD1101	2	3	3	2	3	3	2	3	3	3
GBLD1102	3	3	3	2	3	3	3	2	3	1
GBLD1103	2	3	3	2	2	2	3	2	2	3
GBLD1104	3	2	3	2	2	2	2	2	2	3
GBLD1105	3	2	3	2	3	2	3	2	2	3
GBLD1106	3	3	3	3	3	3	3	3	2	3
GBLD1107	3	2	2	1	2	2	2	2	2	2
GBLD1108	2	2	2	2	2	2	2	2	2	2
GBLD1109	3	3	3	2	3	2	3	2	2	3
GBLD1110	1	3	2	3	2	2	1	2	1	2
GBLD1111	2	3	3	3	3	3	3	3	3	3
GBLD1112	3	2	3	2	2	2	2	2	3	3
GBLD1113	1	3	3	2	3	3	2	3	3	3
GBLD1114	3	3	2	3	2	2	3	2	3	3
GBLD1115	1	3	3	3	3	3	3	3	1	3
GBLD1116	2	3	3	3	3	3	3	3	3	3
GBLD1117	3	3	3	3	3	3	3	3	3	3
GBLD1118	2	2	3	2	2	3	3	3	3	2
GBLD1119	3	2	3	2	3	2	2	2	2	3
GBLD1120	2	2	3	2	2	2	3	2	2	3
GBLD1121	1	2	3	2	1	3	2	2	2	3
GBLD1122	2	2	2	3	2	2	1	3	3	3
GBLD1123	3	2	2	2	3	2	2	2	2	3
GBLD1124	2	2	2	2	2	2	3	2	2	3
GBLD1125	3	3	3	2	3	2	3	3	1	3
GBLD1126	3	3	3	2	3	2	2	2	3	3
GBLD1127	3	3	3	2	3	2	3	3	1	3
GBLD1128	3	3	3	1	2	2	2	2	3	2
GBLD1129	3	3	3	1	3	2	3	2	3	2
GBLD1130	3	2	3	3	2	3	3	2	3	3
GBLD1131	3	2	2	2	3	2	3	2	3	3
GBLD1132	2	3	3	2	3	2	3	2	3	3
GBLD1133	3	3	3	2	3	3	3	3	3	2
GBLD1134	3	3	3	2	3	2	3	3	2	3
GBLD1135	2	2	3	2	2	2	3	2	2	1
GBLD1136	3	3	3	2	2	2	3	3	1	2
GBLD1137	2	3	2	2	2	2	2	2	3	2
GBLD1138	3	2	3	2	3	1	3	2	2	2
GBLD1139	3	3	3	2	3	2	3	2	3	2
GBLD1140	3	2	3	2	3	2	2	2	3	2
GBLD1141	2	3	3	3	2	2	3	2	2	3
GBLD1142	3	3	3	2	3	3	3	2	3	3
GBLD1143	2	2	3	2	3	2	3	2	3	3
GBLD1144	3	3	3	3	2	2	3	3	3	3
GBLD1145	3	3	3	3	3	2	3	3	3	3
GBLD1146	3	3	3	2	2	2	3	2	3	3
GBLD1147	3	3	3	2	3	2	2	3	3	2
GBLD1148	2	3	3	2	3	3	3	3	3	3
GBLD1149	3	3	3	3	3	3	3	3	3	3
GBLD1150	3	3	3	2	3	2	3	3	1	2
GBLD1151	3	3	3	3	2	3	3	2	2	3
GBLD1152	3	3	3	2	2	3	3	2	2	3
GBLD1153	1	2	3	2	1	2	3	3	2	3
GBLD1154	2	2	3	3	2	2	3	2	2	3
GBLD1155	3	3	3	2	3	2	2	1	2	3
GBLD1156	1	1	2	1	3	3	2	2	2	1
GBLD1157	2	3	3	2	3	3	2	2	2	3
GBLD1158	3	3	3	2	2	2	3	2	1	2
GBLD1159	2	3	3	2	2	2	2	3	3	2
GBLD1160	3	3	3	2	3	2	3	2	2	2
GBLD1161	2	2	3	2	3	2	3	2	2	2
GBLD1162	3	3	3	1	2	1	3	1	1	2
GBLD1163	3	3	3	2	3	2	3	2	2	3
GBLD1164	3	3	3	2	3	3	3	3	3	3
GBLD1165	2	3	2	2	3	3	2	2	3	3
GBLD1166	3	3	3	3	3	2	2	2	3	3
GBLD1167	2	2	1	1	1	1	1	2	2	1
GBLD1168	2	3	3	2	2	3	3	2	2	3
GBLD1169	2	2	3	2	1	1	3	2	3	2
GBLD1170	2	2	3	2	2	2	2	2	1	3
GBLD1171	3	3	3	2	2	2	1	2	3	3
GBLD1172	3	2	2	2	3	2	2	2	2	2
GBLD1173	3	2	3	2	3	2	3	2	3	3
GBLD1174	2	2	3	3	1	2	2	3	1	3
GBLD1175	2	3	3	2	3	2	2	3	3	2
GBLD1176	3	2	3	3	2	2	2	3	3	3
GBLD1177	2	3	3	2	2	2	2	2	2	2
GBLD1178	3	3	3	3	3	3	2	2	3	3
GBLD1179	3	2	3	2	3	2	3	2	2	3
GBLD1180	2	2	3	3	3	2	2	2	3	2
GBLD1181	2	2	1	1	3	2	3	2	2	2
GBLD1182	2	3	3	2	3	2	2	2	3	3
GBLD1183	3	2	3	2	2	2	2	3	2	3
GBLD1184	3	3	3	3	3	3	2	3	3	3
GBLD1185	2	3	3	2	2	2	2	2	2	3
GBLD1186	2	3	3	2	2	2	2	2	2	3
GBLD1187	3	3	3	3	3	3	1	3	2	3
GBLD1188	1	3	3	3	3	2	3	2	3	3
GBLD1189	2	2	3	2	1	3	2	2	3	3
GBLD1190	2	2	2	2	3	2	2	2	3	3
GBLD1191	3	3	3	3	3	3	3	3	1	3
GBLD1192	2	3	3	2	1	2	3	2	3	3
GBLD1193	3	3	3	3	3	3	3	3	3	3
GBLD1194	3	3	3	3	2	2	3	3	1	3
GBLD1195	2	3	2	2	3	3	3	2	3	2
GBLD1196	2	2	2	2	2	2	3	2	3	2
GBLD1197	3	3	2	2	3	3	2	2	2	3
GBLD1198	3	3	3	3	3	2	3	2	3	3
GBLD1199	3	2	3	1	3	2	3	2	2	3
GBLD1200	2	3	3	2	3	2	3	2	2	2
GBLD1201	2	2	3	1	3	1	3	2	2	2
GBLD1202	3	3	2	1	2	3	3	2	3	1
GBLD1203	2	2	3	2	2	2	3	2	2	2
GBLD1204	3	3	3	3	3	2	3	3	3	3
GBLD1205	3	2	2	2	2	3	3	3	3	2
GBLD1206	3	3	3	3	3	2	2	2	2	3
GBLD1207	3	3	3	3	3	2	3	3	3	3
GBLD1208	2	3	3	2	2	3	2	3	3	3
GBLD1209	3	3	3	2	2	3	2	2	3	3
GBLD1210	3	2	1	2	2	2	3	3	3	3
GBLD1211	3	3	3	1	3	2	3	3	3	3
GBLD1212	3	3	3	2	3	3	2	2	3	3
GBLD1213	2	1	3	1	2	2	3	3	3	3
GBLD1214	3	3	3	2	2	2	2	2	2	3
GBLD1215	2	2	2	2	2	2	2	2	2	3
GBLD1216	3	3	3	2	3	3	3	3	2	3
GBLD1217	2	3	3	2	3	2	3	2	2	3
GBLD1218	3	2	3	3	2	2	2	2	2	3
GBLD1219	3	2	3	2	1	2	2	3	2	3
GBLD1220	3	3	3	2	3	2	3	2	1	1
GBLD1221	2	3	2	2	1	3	2	2	2	3
GBLD1222	3	2	3	2	2	2	3	2	3	3
GBLD1223	3	3	3	3	3	3	3	3	3	3
GBLD1224	2	3	3	2	2	2	2	2	3	3
GBLD1225	2	3	3	3	3	2	2	2	2	3
GBLD1226	3	3	3	2	3	3	2	3	3	3
GBLD1227	3	3	2	2	2	2	2	2	3	3
GBLD1228	2	3	3	2	3	3	2	2	2	3
GBLD1229	2	2	3	2	2	2	2	2	3	3
GBLD1230	2	2	3	2	3	2	2	3	3	3
GBLD1231	2	2	2	2	3	2	3	2	3	1
GBLD1232	2	3	2	2	3	3	1	2	2	2
GBLD1233	2	3	3	2	2	2	3	2	2	2
GBLD1234	2	3	3	2	2	3	2	2	1	3
GBLD1235	3	3	3	2	2	1	3	2	3	1
GBLD1236	3	2	3	2	2	2	2	2	3	2
GBLD1237	2	3	3	2	3	2	2	2	3	3
GBLD1238	2	3	2	2	2	2	2	2	2	1
GBLD1239	3	3	3	3	3	3	2	3	3	3
GBLD1240	2	2	3	2	3	3	1	3	3	3
GBLD1241	2	3	2	1	3	2	3	2	3	2
GBLD1242	2	3	3	2	3	3	3	1	1	1
GBLD1243	2	2	3	2	2	3	2	2	2	3
GBLD1244	3	3	3	2	3	2	3	2	3	3
GBLD1245	3	3	3	3	3	2	3	3	3	3
GBLD1246	3	2	3	3	3	2	2	3	3	3
GBLD1247	2	3	2	1	2	2	3	2	3	1
GBLD1248	3	3	3	2	2	2	2	2	3	3
GBLD1249	2	2	3	3	2	2	2	3	2	3
GBLD1250	3	3	3	3	3	3	3	3	2	3
GBLD1251	2	3	2	2	2	1	3	2	3	2
GBLD1252	2	3	3	3	3	3	2	3	3	3
GBLD1253	2	3	3	2	3	2	2	2	3	2
GBLD1254	3	3	3	2	3	2	2	2	3	3
GBLD1255	3	3	3	2	3	2	3	2	3	3
GBLD1256	2	3	2	1	2	3	3	2	1	1
GBLD1257	2	2	3	1	2	2	2	2	3	2
GBLD1258	3	3	3	2	2	2	3	2	2	3
GBLD1259	2	3	1	2	2	2	3	3	2	2
GBLD1260	2	3	3	2	2	3	2	2	2	3
GBLD1261	2	3	2	2	2	2	2	3	2	3
GBLD1262	2	3	1	1	2	1	3	2	3	2
GBLD1263	2	2	3	2	3	3	2	2	2	3
GBLD1264	2	2	3	2	3	2	2	3	3	3
GBLD1265	3	3	3	3	3	2	2	2	2	3
GBLD1266	1	2	3	2	2	1	2	2	1	2
GBLD1267	2	1	2	3	1	2	1	3	3	3
GBLD1268	3	3	3	2	3	2	2	2	2	3
GBLD1269	2	3	3	2	2	2	3	2	3	2
GBLD1270	2	3	3	1	3	2	3	2	3	3
GBLD1271	2	1	1	2	2	2	2	2	3	2
GBLD1272	3	3	3	2	3	3	2	3	3	3
GBLD1273	2	2	1	1	2	2	3	2	2	2
GBLD1274	3	2	3	3	3	3	3	3	3	3
GBLD1275	3	3	2	1	3	2	3	3	3	3
GBLD1276	2	3	3	2	3	3	3	3	1	3
GBLD1277	2	2	2	2	3	2	3	2	2	2
GBLD1278	3	2	2	2	1	2	2	2	2	3
GBLD1279	2	2	3	2	2	2	1	2	2	2
GBLD1280	3	2	3	2	2	3	2	2	2	3
GBLD1281	2	2	3	2	3	2	3	2	2	2
GBLD1282	2	3	3	2	2	3	2	2	3	2
GBLD1283	3	2	2	2	3	2	2	2	3	3
GBLD1284	3	3	2	2	2	3	3	2	3	3
GBLD1285	2	3	3	2	3	3	3	2	3	3
GBLD1286	3	2	3	2	2	2	3	2	2	3
GBLD1287	2	3	3	2	2	3	2	2	1	2
GBLD1288	3	3	3	2	3	2	2	2	2	3
GBLD1289	3	2	1	1	3	3	2	2	3	3
GBLD1290	2	3	1	2	3	2	3	2	3	2
GBLD1291	2	2	3	2	3	2	3	2	3	2
GBLD1292	2	3	3	3	3	2	2	2	2	3
GBLD1293	2	2	3	2	3	2	2	2	2	3
GBLD1294	3	2	3	2	3	2	3	2	3	3
GBLD1295	3	2	2	2	3	2	3	2	3	3
GBLD1296	3	3	2	3	3	3	3	2	3	3
GBLD1297	2	3	3	3	3	2	3	3	3	3
GBLD1298	3	3	3	2	3	2	3	3	3	3
GBLD1299	2	3	3	1	3	3	3	3	3	3
GBLD1300	2	3	3	2	3	2	1	2	1	1
GBLD1301	3	3	3	3	3	2	3	2	3	3
GBLD1302	3	2	2	2	3	2	3	2	2	3
GBLD1303	2	2	2	2	3	2	3	1	2	2
GBLD1304	2	3	3	3	3	3	3	3	3	3
GBLD1305	3	2	2	2	1	2	3	2	2	2
GBLD1306	2	2	2	2	3	2	3	2	1	2
GBLD1307	3	2	3	2	2	3	2	2	2	3
GBLD1308	2	2	3	2	2	2	3	2	1	3
GBLD1309	3	3	3	2	3	2	1	2	3	3
GBLD1310	2	3	3	2	2	3	2	3	2	3
GBLD1311	3	3	3	3	3	2	3	3	2	3
GBLD1312	3	3	3	3	3	2	3	3	1	3
GBLD1313	2	2	1	2	2	2	2	1	3	2
GBLD1314	2	2	3	3	3	2	3	3	3	3
GBLD1315	2	2	2	2	2	2	2	2	2	2
GBLD1316	2	2	3	2	3	2	3	2	3	3
GBLD1317	3	3	3	3	3	3	3	3	3	3
GBLD1318	2	3	3	3	2	3	3	3	1	3
GBLD1319	1	3	3	2	3	3	3	2	3	3
GBLD1320	2	3	3	3	3	3	2	3	3	3
GBLD1321	3	3	3	3	3	2	2	2	2	3
GBLD1322	3	2	3	2	3	3	3	2	3	3
GBLD1323	3	3	3	2	3	3	3	2	2	1
GBLD1324	3	3	1	1	2	2	2	2	2	2
GBLD1325	3	3	3	3	3	3	3	3	1	3
GBLD1326	3	2	3	2	2	2	2	2	3	2
GBLD1327	3	3	3	3	3	3	3	3	3	3
GBLD1328	3	3	3	3	3	2	3	2	3	3
GBLD1329	3	2	3	2	3	3	3	2	2	3
GBLD1330	3	3	2	2	3	1	3	2	2	2
GBLD1331	3	3	3	2	3	3	3	3	3	3
GBLD1332	3	3	3	3	3	3	1	3	1	3
GBLD1333	2	2	3	2	1	3	1	2	2	2
GBLD1334	3	3	3	2	2	2	2	2	3	2
GBLD1335	3	3	3	2	2	2	2	3	3	3
GBLD1336	3	2	2	1	1	1	1	1	1	2
GBLD1337	2	2	3	2	2	2	2	2	2	3
GBLD1338	3	3	3	3	3	3	3	3	2	3
GBLD1339	1	1	None	None	None	None	None	None	None	None
GBLD1340	1	2	2	2	2	2	1	1	2	2
GBLD1341	3	3	3	3	2	3	2	3	2	3
GBLD1342	3	2	2	1	1	2	2	2	2	2
GBLD1343	3	3	3	3	3	2	3	3	3	3
GBLD1344	2	3	3	2	2	3	3	2	2	3
GBLD1345	3	3	3	2	3	3	3	2	3	3
GBLD1346	3	2	3	2	2	2	2	2	3	3
GBLD1347	3	2	3	2	3	2	2	2	1	3
GBLD1348	2	2	2	2	2	1	2	2	3	2
GBLD1349	3	3	2	2	2	2	2	2	2	3
GBLD1350	3	3	2	2	2	3	3	2	2	2
GBLD1351	2	2	3	2	2	2	3	2	2	3
GBLD1352	3	2	3	2	3	2	2	3	3	3
GBLD1353	3	2	2	2	2	2	2	2	2	2
GBLD1354	2	3	3	2	3	3	3	2	2	3
GBLD1355	2	2	2	2	3	2	2	2	2	2
GBLD1356	3	3	2	2	3	2	3	2	2	2
GBLD1357	2	3	2	2	2	2	2	2	2	3
GBLD1358	2	3	3	1	2	1	3	2	2	3
GBLD1359	3	3	3	2	2	3	3	3	3	2
GBLD1360	3	2	2	2	1	2	3	2	2	2
GBLD1361	1	3	3	3	3	3	2	3	3	3
GBLD1362	2	1	3	2	3	3	2	2	1	2
GBLD1363	2	3	3	2	3	3	3	2	3	3
GBLD1364	3	2	3	2	3	3	3	2	3	2
GBLD1365	2	2	2	1	3	2	3	2	2	2
GBLD1366	3	3	3	3	3	3	3	3	3	3
GBLD1367	3	3	3	3	2	2	2	2	2	3
GBLD1368	3	3	2	1	3	2	2	2	3	2
GBLD1369	3	3	3	3	3	2	3	3	3	3
GBLD1370	2	3	3	3	2	3	3	3	2	3
GBLD1371	3	3	3	2	2	2	2	3	2	3
GBLD1372	3	2	3	2	3	2	2	2	3	3
GBLD1373	3	3	3	2	2	2	2	2	2	2
GBLD1374	3	3	3	3	3	2	2	3	3	3
GBLD1375	2	2	2	1	2	1	3	1	2	2
GBLD1376	3	2	3	2	3	1	2	2	3	3
GBLD1377	3	2	2	2	3	2	2	2	2	2
GBLD1378	3	2	3	2	2	2	3	2	3	3
GBLD1379	3	3	3	2	2	2	2	2	1	3
GBLD1380	3	3	3	2	3	2	3	2	1	3
GBLD1381	2	3	3	3	2	2	2	2	2	2
GBLD1382	2	1	3	3	3	3	3	3	1	3
GBLD1383	2	2	3	2	2	2	2	2	2	2
GBLD1384	3	3	3	2	3	1	3	2	3	3
GBLD1385	3	3	3	3	3	3	2	3	3	3
GBLD1386	2	3	3	2	2	2	3	2	3	3
GBLD1387	3	3	3	2	3	3	3	3	1	3
GBLD1388	3	3	2	1	2	2	1	2	3	3
GBLD1389	3	3	3	3	3	3	3	3	3	3
GBLD1390	1	2	2	2	3	2	3	2	2	2
