GBLD0001	None	None	None	None	None	None	None	None	None	None	None	None	None	None	None
GBLD00010	6	2	1	3	34	2	1	1	1	1	1	1	1	1	1
GBLD0002	None	None	None	None	None	None	None	None	None	None	None	None	None	None	None
GBLD0003	9	None	None	None	None	4	None	None	None	None	None	None	None	None	4
GBLD0004	None	None	None	None	None	None	None	None	None	None	None	None	None	None	None
GBLD0005	None	None	None	None	None	None	None	None	None	None	None	None	None	None	None
GBLD0006	None	None	None	None	None	None	None	None	None	None	None	None	None	None	None
GBLD0007	None	None	None	None	None	None	None	None	None	None	None	None	None	None	None
GBLD0008	None	None	None	None	None	None	None	None	None	None	None	None	None	None	None
GBLD0009	14	3	2	4	32	4	6	4	16	39	4	23	7	13	16
GBLD00100	10	8	3	4	31	21	8	4	18	38	4	9	6	13	23
GBLD0011	18	31	1	2	1	1	3	3	4	1	2	3	2	2	1
GBLD0012	18	2	4	3	35	1	5	5	11	39	4	3	9	22	8
GBLD0013	20	3	4	2	32	11	6	4	24	37	2	13	6	13	13
GBLD0014	None	None	None	None	33	None	None	None	None	None	None	None	None	None	None
GBLD0015	6	2	2	3	4	8	None	None	None	None	None	None	None	None	None
GBLD0016	14	3	2	2	32	19	6	4	16	39	2	19	4	13	3
GBLD0017	14	2	18	4	34	2	6	4	11	37	12	23	6	3	14
GBLD0018	14	3	2	4	32	3	4	5	4	3	8	3	7	3	4
GBLD0019	6	2	6	4	33	13	5	4	15	37	4	8	7	19	9
GBLD0020	13	1	1	8	1	12	8	8	3	4	8	3	4	4	5
GBLD0021	12	3	2	4	34	2	6	4	16	40	2	2	7	18	27
GBLD0022	10	10	3	1	31	13	6	4	6	31	9	12	2	13	27
GBLD0023	14	11	1	2	32	11	6	4	1	38	1	1	1	1	1
GBLD0024	10	1	1	4	1	10	6	4	10	36	15	10	5	13	17
GBLD0025	1	2	4	2	34	18	4	4	14	36	3	2	5	8	8
GBLD0026	6	4	1	9	8	6	14	3	9	5	5	3	5	6	24
GBLD0027	9	4	2	4	32	11	6	4	18	38	4	3	3	3	3
GBLD0028	6	2	2	5	33	10	8	4	8	39	9	10	7	20	15
GBLD0029	15	1	1	3	32	3	6	4	16	40	4	3	4	20	28
GBLD0030	10	5	6	2	35	6	18	4	14	40	2	7	3	20	19
GBLD0031	10	3	2	4	31	10	6	4	19	38	4	7	7	13	18
GBLD0032	9	1	4	3	34	10	1	4	13	38	4	2	4	22	3
GBLD0033	9	6	1	5	33	10	10	4	14	38	2	6	5	20	10
GBLD0034	6	3	13	5	2	2	3	4	13	2	3	2	4	24	8
GBLD0035	11	18	6	6	32	13	13	18	19	37	10	12	9	14	7
GBLD0036	6	1	5	4	6	5	3	4	2	38	13	2	7	10	17
GBLD0037	10	16	19	9	33	7	4	18	19	32	7	38	18	7	18
GBLD0038	None	None	None	None	None	None	None	None	None	None	None	4	None	None	None
GBLD0039	10	8	13	10	12	37	18	18	21	9	24	23	9	6	5
GBLD0040	8	5	1	8	35	11	8	5	14	40	4	3	5	6	8
GBLD0041	6	3	1	1	36	8	5	4	3	39	2	9	2	20	18
GBLD0042	6	10	7	4	33	12	4	1	13	38	2	4	9	19	18
GBLD0043	14	3	2	3	32	15	6	4	16	40	3	4	5	10	4
GBLD0044	None	None	None	None	None	None	None	None	None	None	None	None	None	None	None
GBLD0045	8	5	1	4	35	8	10	23	13	39	4	10	5	35	1
GBLD0046	12	9	5	2	32	11	6	4	14	38	4	3	4	3	20
GBLD0047	13	19	1	12	32	23	8	4	1	40	2	19	2	22	1
GBLD0048	21	1	1	5	32	12	6	4	9	39	7	20	10	20	3
GBLD0049	6	3	2	4	32	9	6	4	8	40	2	5	6	5	5
GBLD0050	14	1	5	4	32	18	6	4	16	40	2	17	6	6	5
GBLD0051	14	3	2	3	32	15	6	4	13	40	2	6	4	13	4
GBLD0052	6	18	4	4	33	26	6	4	9	39	3	9	7	13	8
GBLD0053	6	10	5	4	32	10	19	8	13	37	7	1	4	20	9
GBLD0054	14	1	4	3	32	2	10	4	13	39	5	None	None	None	None
GBLD0055	10	1	2	4	34	9	9	4	10	36	4	9	5	20	18
GBLD0056	10	3	2	4	32	11	6	4	16	39	2	9	7	None	None
GBLD0057	9	14	18	2	2	3	3	7	13	34	1	3	13	7	13
GBLD0058	14	1	1	4	None	25	6	4	14	None	5	18	8	None	None
GBLD0059	6	8	2	3	32	13	6	4	3	39	8	9	7	13	None
GBLD0060	5	6	1	4	33	11	8	6	10	9	2	4	5	6	8
GBLD0061	13	2	3	4	None	8	6	4	15	None	2	16	5	13	None
GBLD0062	8	7	1	4	35	19	6	5	5	40	2	3	4	10	8
GBLD0063	6	1	13	2	38	9	6	5	19	38	7	3	5	7	20
GBLD0064	9	5	7	6	34	6	7	5	2	36	3	6	2	24	1
GBLD0065	6	6	4	4	31	11	5	4	15	40	4	4	5	22	24
GBLD0066	12	4	8	4	32	14	6	4	10	8	2	9	6	1	1
GBLD0067	12	5	2	2	34	11	6	4	11	37	2	10	6	13	13
GBLD0068	6	2	1	4	34	11	6	4	9	39	4	8	5	20	13
GBLD0069	12	6	2	2	34	11	6	4	11	40	5	16	6	13	9
GBLD0070	6	4	2	4	34	12	6	4	9	37	2	16	1	2	9
GBLD0071	12	6	2	2	32	10	8	2	16	39	2	6	8	13	13
GBLD0072	12	3	2	2	32	14	6	4	16	39	2	12	3	13	18
GBLD0073	10	1	2	4	1	5	7	8	4	40	4	8	4	1	18
GBLD0074	20	2	7	7	34	20	7	4	9	37	5	9	14	11	20
GBLD0075	10	2	3	4	35	24	13	4	14	39	2	1	3	13	1
GBLD0076	20	5	2	2	35	6	6	4	16	39	2	10	9	None	None
GBLD0077	None	None	None	None	None	None	None	None	None	None	None	None	None	None	None
GBLD0078	17	2	2	2	32	3	10	2	9	40	2	17	4	13	19
GBLD0079	6	2	1	4	31	10	6	4	9	36	2	18	8	13	3
GBLD0080	16	2	2	4	32	2	6	4	11	39	1	17	6	13	18
GBLD0081	6	2	3	9	33	10	6	4	14	39	8	27	4	1	2
GBLD0082	14	3	2	2	32	11	6	4	8	39	7	9	4	13	9
GBLD0083	6	1	1	4	32	2	6	4	16	39	3	7	8	20	24
GBLD0084	12	3	2	2	32	4	6	2	16	39	2	16	8	21	18
GBLD0085	20	10	2	2	32	11	6	4	8	40	4	10	4	13	25
GBLD0086	11	5	2	2	32	11	6	4	20	39	2	16	3	13	18
GBLD0087	6	1	3	2	32	7	4	16	7	39	4	4	3	7	14
GBLD0088	12	10	4	3	33	6	3	4	13	39	2	8	14	14	22
GBLD0089	12	4	2	5	34	11	13	4	18	40	2	4	2	6	18
GBLD0090	8	2	2	3	33	23	12	18	23	3	8	4	23	29	40
GBLD0091	16	7	13	3	5	3	3	23	24	4	7	3	17	3	14
GBLD0092	6	4	4	2	2	3	5	4	8	36	7	12	7	6	9
GBLD0093	10	1	3	9	34	8	8	8	14	32	8	9	7	11	8
GBLD0094	14	3	2	2	32	14	6	4	12	38	4	17	8	None	None
GBLD0095	6	8	2	5	32	11	6	2	20	40	2	16	5	13	7
GBLD0096	10	1	5	5	9	10	4	3	1	38	9	1	8	23	24
GBLD0097	6	7	19	2	12	10	6	4	15	39	22	3	24	1	24
GBLD0098	11	3	3	2	34	11	8	4	16	40	1	22	2	20	20
GBLD0099	12	1	2	5	33	1	6	5	17	36	2	4	5	20	14
GBLD01000	9	1	2	5	32	2	6	6	16	34	4	14	3	20	17
GBLD0101	6	4	4	9	38	2	4	5	3	35	14	28	3	8	5
GBLD0102	6	7	3	2	35	11	6	7	17	40	4	22	4	6	24
GBLD0103	10	2	1	2	34	4	6	4	16	39	2	19	5	13	4
GBLD0104	14	1	3	4	35	2	6	4	12	38	4	17	3	13	15
GBLD0105	6	9	1	6	35	4	4	3	13	40	2	1	7	20	5
GBLD0106	6	8	3	2	35	11	6	4	1	39	3	2	4	20	1
GBLD0107	13	1	3	4	33	13	6	4	18	38	3	13	18	7	13
GBLD0108	6	7	1	5	33	10	6	4	9	40	7	1	3	3	None
GBLD0109	4	3	3	3	31	6	5	4	23	33	9	9	14	18	29
GBLD0110	13	9	1	2	32	13	7	4	11	40	2	23	4	18	27
GBLD0111	6	3	4	4	4	4	3	3	3	4	2	3	4	39	3
GBLD0112	19	5	None	None	None	None	None	None	None	None	None	None	None	None	None
GBLD0113	2	10	28	4	33	25	9	13	16	40	8	18	3	13	13
GBLD0114	14	1	5	2	32	9	6	8	None	None	None	None	None	None	None
GBLD0115	10	1	2	8	35	27	9	4	9	32	2	20	2	6	16
GBLD0116	None	None	None	None	None	None	None	None	None	None	None	None	None	None	None
GBLD0117	12	5	5	5	1	6	10	8	13	2	7	18	5	22	10
GBLD0118	6	7	1	5	31	11	4	5	8	37	4	9	5	8	3
GBLD0119	13	7	8	2	4	7	13	None	None	None	None	None	None	None	None
GBLD0120	6	4	4	9	33	9	4	4	5	7	7	7	8	8	5
GBLD0121	13	12	3	4	32	9	6	4	16	39	None	None	None	None	None
GBLD0122	None	None	None	None	None	None	6	4	None	None	None	None	None	None	None
GBLD0123	6	9	3	3	31	10	None	None	None	None	4	None	None	None	None
GBLD0124	12	7	8	9	5	6	7	2	19	5	6	2	23	14	14
GBLD0125	9	4	2	3	34	8	6	4	20	39	2	10	6	23	4
GBLD0126	11	1	1	4	34	11	6	4	5	38	2	1	2	13	1
GBLD0127	15	6	2	10	34	7	12	5	7	13	8	7	2	15	14
GBLD0128	13	5	1	4	34	7	15	10	15	37	13	12	9	20	3
GBLD0129	6	1	4	4	34	11	5	5	9	40	14	4	23	8	5
GBLD0130	23	5	1	4	34	13	6	4	13	40	2	8	3	3	2
GBLD0131	14	3	3	2	31	4	6	4	16	39	2	10	5	8	3
GBLD0132	12	2	2	2	31	3	6	4	6	37	5	3	5	19	3
GBLD0133	12	10	2	2	31	11	6	4	16	39	2	13	9	12	4
GBLD0134	6	2	1	3	31	13	5	4	7	38	3	28	7	13	18
GBLD0135	12	1	2	3	33	5	1	4	23	40	3	4	3	8	4
GBLD0136	6	1	1	5	34	7	6	4	11	40	5	1	5	20	7
GBLD0137	6	9	1	8	34	11	3	7	9	39	2	8	5	6	8
GBLD0138	9	3	2	3	34	8	6	4	15	38	2	8	2	24	13
GBLD0139	6	7	9	9	2	3	3	4	7	5	6	4	12	3	14
GBLD0140	8	1	9	3	32	10	5	4	25	40	2	4	9	13	10
GBLD0141	14	25	31	5	15	40	20	32	12	28	29	34	19	40	8
GBLD0142	12	1	3	2	33	4	6	3	13	39	3	5	4	13	17
GBLD0143	6	8	9	4	2	8	7	4	9	9	18	2	24	12	15
GBLD0144	6	5	1	4	31	2	5	4	14	35	2	5	5	4	7
GBLD0145	6	3	8	4	33	2	6	13	14	8	12	3	12	9	13
GBLD0146	13	3	1	2	32	11	6	8	10	39	6	1	3	6	1
GBLD0147	14	4	2	4	31	4	8	4	14	36	3	14	3	13	4
GBLD0148	5	1	2	10	1	None	None	None	None	None	None	None	None	None	None
GBLD0149	14	11	2	2	32	5	6	3	4	None	None	None	None	None	None
GBLD0150	10	4	2	5	35	9	7	4	14	3	9	8	5	5	13
GBLD0151	10	13	2	4	34	10	6	4	18	38	7	13	9	17	14
GBLD0152	6	2	4	2	32	11	6	4	None	None	None	None	None	None	None
GBLD0153	6	4	2	5	None	2	9	1	None	None	4	4	4	None	None
GBLD0154	13	10	8	4	13	11	2	15	16	14	5	19	24	None	2
GBLD0155	14	3	1	4	31	5	6	4	18	36	3	6	5	6	18
GBLD0156	6	30	30	28	2	40	28	8	9	5	7	3	24	14	15
GBLD0157	13	6	1	4	32	25	9	4	16	38	10	7	8	17	14
GBLD0158	8	3	4	5	13	5	4	23	18	9	14	10	14	5	13
GBLD0159	11	3	1	2	34	10	6	4	10	3	6	4	28	19	31
GBLD0160	6	12	5	3	1	22	7	4	8	40	4	5	6	10	4
GBLD0161	13	1	2	6	35	8	4	6	24	36	4	7	9	22	3
GBLD0162	None	None	None	None	None	None	None	None	None	None	None	None	None	None	None
GBLD0163	20	28	4	4	32	28	28	5	20	40	18	20	22	23	30
GBLD0164	12	2	1	8	33	11	6	4	7	38	2	12	None	None	None
GBLD0165	6	1	4	4	33	10	5	4	14	40	3	14	6	20	27
GBLD0166	6	1	12	4	35	16	4	4	21	38	7	8	5	10	6
GBLD0167	17	5	3	4	3	8	3	18	20	2	12	2	17	2	7
GBLD0168	20	3	3	3	32	18	6	9	16	39	None	None	8	13	18
GBLD0169	20	3	2	4	34	4	6	8	10	40	6	4	7	20	27
GBLD0170	6	1	2	6	39	11	8	8	14	7	2	2	7	3	18
GBLD0171	16	4	2	4	31	11	6	4	8	40	4	7	9	13	4
GBLD0172	6	2	3	2	35	4	9	4	13	36	3	4	8	20	18
GBLD0173	12	5	2	12	32	10	3	4	7	4	12	2	18	9	17
GBLD0174	14	3	2	2	None	18	None	None	16	None	None	None	None	13	None
GBLD0175	6	13	2	6	32	25	6	4	18	40	4	17	6	13	8
GBLD0176	6	9	1	2	33	20	4	9	17	40	4	29	5	13	9
GBLD0177	9	3	2	5	34	3	4	3	3	4	3	2	2	20	2
GBLD0178	6	10	1	12	1	18	10	13	8	9	10	3	8	7	5
GBLD0179	25	3	3	4	4	2	8	18	14	4	7	3	23	9	9
GBLD0180	6	1	2	5	32	10	4	4	9	37	4	None	None	None	None
GBLD0181	6	1	1	2	35	10	7	4	9	40	3	11	6	6	24
GBLD0182	6	6	8	8	1	8	4	7	None	None	None	None	None	None	None
GBLD0183	10	8	4	4	31	4	6	14	8	37	5	10	None	None	None
GBLD0184	13	2	3	3	34	7	4	3	9	33	8	3	7	23	3
GBLD0185	9	1	2	4	34	2	6	8	11	36	None	None	None	None	None
GBLD0186	19	9	9	9	9	9	9	9	9	9	9	9	9	9	9
GBLD0187	None	None	None	None	None	None	None	None	None	None	None	12	None	None	None
GBLD0188	11	12	2	3	31	11	6	6	20	38	4	2	7	18	1
GBLD0189	6	3	1	3	None	10	9	3	10	None	2	3	5	3	None
GBLD0190	None	None	None	None	None	None	None	None	None	None	None	None	7	None	None
GBLD0191	13	6	2	8	4	6	14	2	10	37	4	7	11	4	12
GBLD0192	6	3	4	4	1	12	8	4	4	35	4	9	6	3	4
GBLD0193	14	28	2	3	32	11	6	4	16	39	2	13	7	13	4
GBLD0194	10	8	2	9	8	15	11	5	9	8	10	7	6	20	15
GBLD0195	6	3	2	5	35	11	8	14	16	32	8	17	8	21	5
GBLD0196	10	1	1	1	1	4	6	1	1	1	1	1	1	1	1
GBLD0197	6	2	4	3	33	5	6	4	8	6	5	8	7	19	13
GBLD0198	6	4	1	5	32	7	10	13	7	13	7	6	7	13	10
GBLD0199	6	4	1	5	32	8	6	4	20	38	2	9	18	20	9
GBLD0200	6	3	20	4	5	9	14	10	35	28	18	24	14	34	22
GBLD0201	6	2	7	2	9	12	7	18	6	10	2	2	8	9	15
GBLD0202	11	3	2	4	34	11	6	4	26	39	3	9	3	19	1
GBLD0203	14	9	4	2	34	11	6	4	10	40	2	8	4	4	18
GBLD0204	8	2	2	5	35	4	2	8	6	12	4	8	8	7	4
GBLD0205	6	2	2	4	34	11	6	5	11	39	4	17	6	13	1
GBLD0206	28	3	5	8	12	1	2	23	24	9	11	2	23	4	2
GBLD0207	10	5	1	5	34	6	13	9	6	38	8	4	9	20	17
GBLD0208	14	2	10	4	34	13	6	4	6	36	7	None	None	None	None
GBLD0209	8	3	2	3	5	2	3	9	8	3	3	35	9	3	4
GBLD0210	6	3	4	4	35	14	8	8	9	38	13	6	6	3	4
GBLD0211	6	13	1	3	34	10	7	5	7	38	4	13	7	13	5
GBLD0212	10	5	15	4	34	8	3	4	8	8	38	28	14	23	4
GBLD0213	14	9	4	2	34	11	6	4	23	39	3	3	9	6	18
GBLD0214	10	None	4	4	33	23	None	5	14	38	3	None	5	23	3
GBLD0215	10	2	4	3	None	None	None	None	None	None	None	None	None	None	None
GBLD0216	10	10	1	20	33	13	None	None	None	None	None	None	None	None	None
GBLD0217	13	9	1	8	31	7	14	9	4	38	5	9	3	6	13
GBLD0218	10	3	1	2	32	11	None	None	None	None	None	None	None	None	None
GBLD0219	6	2	1	7	34	2	6	None	None	None	None	None	None	None	None
GBLD0220	12	1	1	4	32	10	9	4	19	40	1	6	3	6	29
GBLD0221	16	10	None	None	None	None	None	None	None	None	None	None	None	None	None
GBLD0222	14	2	None	None	35	22	7	4	15	39	2	None	6	None	None
GBLD0223	10	10	1	21	38	10	6	5	14	31	5	8	4	8	7
GBLD0224	10	12	1	20	33	13	6	None	None	None	None	None	None	None	None
GBLD0225	14	2	5	5	35	22	7	4	15	39	3	8	6	7	3
GBLD0226	15	4	None	None	None	None	None	None	None	None	None	None	None	None	None
GBLD0227	13	13	13	12	12	8	13	13	13	13	13	13	13	13	13
GBLD0228	10	10	1	4	35	10	6	14	14	36	9	8	5	6	27
GBLD0229	18	5	None	None	None	None	None	None	None	None	None	None	None	None	None
GBLD0230	20	7	5	5	1	6	4	9	14	8	8	4	6	13	2
GBLD0231	10	4	1	4	34	9	7	4	16	None	None	None	None	None	None
GBLD0232	14	3	1	2	32	11	6	4	None	None	None	None	None	None	None
GBLD0233	14	7	None	None	34	None	None	None	None	None	None	None	None	None	None
GBLD0234	12	3	None	None	None	None	None	None	None	None	None	None	None	None	None
GBLD0235	11	3	1	3	34	4	6	9	17	None	None	None	None	None	None
GBLD0236	10	4	13	4	34	12	14	8	3	None	None	None	None	None	None
GBLD0237	14	2	4	4	None	None	None	None	None	None	None	None	None	None	None
GBLD0238	12	10	19	3	34	34	6	7	3	33	9	8	9	13	19
GBLD0239	None	None	None	None	None	None	None	None	None	None	None	None	None	None	None
GBLD0240	None	None	None	None	None	None	None	None	None	None	None	None	None	None	None
GBLD0241	12	10	1	8	33	14	4	23	24	2	13	3	12	12	23
GBLD0242	32	28	7	None	None	None	None	None	None	None	None	None	None	None	None
GBLD0243	None	None	None	None	None	None	None	None	None	None	None	None	None	None	None
GBLD0244	6	20	1	4	32	14	6	4	18	37	3	23	4	14	8
GBLD0245	11	2	3	2	None	2	6	8	None	None	4	20	4	None	None
GBLD0246	6	6	7	4	35	12	8	4	11	12	18	11	4	20	13
GBLD0247	None	None	None	None	None	None	None	None	None	None	None	None	None	None	None
GBLD0248	9	1	15	9	34	10	6	4	10	39	8	9	2	25	19
GBLD0249	6	13	13	14	40	6	3	9	22	36	13	4	19	35	30
GBLD0250	14	3	2	1	34	18	6	4	None	None	None	None	None	None	None
GBLD0251	5	10	1	2	32	13	6	4	7	39	4	9	1	7	9
GBLD0252	10	5	2	4	33	12	7	14	10	38	7	14	6	18	13
GBLD0253	8	4	5	4	33	10	6	4	19	37	4	14	8	13	25
GBLD0254	6	4	1	5	33	11	6	4	20	39	5	34	3	4	4
GBLD0255	24	22	2	5	34	11	11	4	10	39	7	14	9	19	7
GBLD0256	11	2	2	4	37	3	6	4	16	40	4	3	2	9	9
GBLD0257	10	6	13	7	17	13	11	12	9	13	4	1	5	6	7
GBLD0258	6	1	3	4	33	2	5	5	10	39	8	3	12	13	4
GBLD0259	10	2	1	4	34	14	6	4	5	39	4	None	None	None	None
GBLD0260	12	3	2	2	33	23	6	23	24	None	None	None	None	None	None
GBLD0261	6	3	1	4	33	10	3	4	14	36	3	7	4	7	7
GBLD0262	13	1	3	4	32	4	8	4	None	None	None	None	None	None	None
GBLD0263	10	3	2	5	39	2	6	3	12	40	4	9	5	6	11
GBLD0264	5	4	5	2	39	8	4	3	8	4	9	12	8	8	4
GBLD0265	6	5	3	4	2	8	5	4	9	5	12	2	23	6	8
GBLD0266	9	2	4	5	34	13	6	5	10	33	2	2	11	18	4
GBLD0267	13	2	1	3	34	2	6	8	19	35	4	39	5	13	40
GBLD0268	14	2	1	4	13	24	6	4	10	33	3	13	1	22	15
GBLD0269	6	8	13	6	19	2	2	18	18	2	3	4	8	3	9
GBLD0270	10	4	1	7	40	8	11	5	18	39	None	None	None	None	None
GBLD0271	21	4	4	4	24	4	4	18	24	5	4	10	12	13	10
GBLD0272	6	1	8	4	10	11	7	None	None	38	None	None	None	None	13
GBLD0273	None	3	None	None	None	None	None	None	None	None	None	None	None	None	None
GBLD0274	6	2	2	2	34	21	6	4	10	38	3	1	5	20	12
GBLD0275	10	3	3	4	35	10	6	2	8	37	4	9	18	3	18
GBLD0276	6	7	2	5	32	2	6	16	16	40	2	7	5	20	1
GBLD0277	6	18	2	3	33	11	6	4	16	39	5	13	8	10	24
GBLD0278	None	None	None	None	None	None	None	None	None	None	None	None	None	None	None
GBLD0279	6	2	9	4	32	9	6	4	4	40	2	18	4	20	16
GBLD0280	6	4	4	4	31	11	6	4	8	38	4	9	7	18	6
GBLD0281	19	24	1	4	31	5	7	8	18	39	3	1	5	23	14
GBLD0282	None	None	None	None	None	None	None	None	None	None	None	None	None	None	None
GBLD0283	20	8	1	4	34	15	13	4	13	40	5	24	4	13	9
GBLD0284	6	3	3	8	32	11	6	4	11	38	4	9	7	8	6
GBLD0285	7	8	1	2	31	11	2	8	None	None	None	None	None	24	None
GBLD0286	10	2	2	3	32	8	8	4	16	40	4	7	5	4	2
GBLD0287	6	14	1	4	34	10	8	4	13	37	7	5	2	24	18
GBLD0288	19	3	2	6	32	4	6	4	16	38	2	20	8	13	4
GBLD0289	8	4	2	4	34	6	6	8	18	4	2	4	8	3	5
GBLD0290	None	None	None	None	None	None	None	None	None	None	None	None	None	None	None
GBLD0291	7	1	1	8	34	29	6	5	4	40	2	10	4	19	13
GBLD0292	11	1	4	3	31	7	4	6	5	38	12	4	5	10	38
GBLD0293	14	3	1	4	33	4	6	4	16	36	2	20	10	13	4
GBLD0294	6	2	4	2	32	11	5	4	16	39	None	None	None	None	None
GBLD0295	12	1	2	2	35	4	4	4	16	38	3	20	5	13	4
GBLD0296	11	2	2	2	32	None	6	4	16	39	None	None	None	None	None
GBLD0297	None	None	None	None	None	None	None	None	None	None	None	None	None	None	None
GBLD0298	8	1	2	7	31	3	5	4	14	38	2	7	4	9	9
GBLD0299	6	1	1	3	32	2	6	4	13	36	4	4	4	12	2
GBLD0300	20	15	1	4	34	7	3	14	5	37	4	18	8	13	5
GBLD0301	5	3	2	4	34	2	13	4	19	40	10	1	5	6	None
GBLD0302	24	3	2	6	40	29	8	20	8	39	2	4	3	1	4
GBLD0303	8	1	3	7	31	3	5	4	14	38	2	7	4	8	4
GBLD0304	8	10	2	4	2	11	2	4	None	None	None	None	None	None	None
GBLD0305	None	None	None	None	None	None	None	None	None	None	None	None	None	None	None
GBLD0306	11	10	2	4	2	11	2	4	None	None	None	None	None	None	None
GBLD0307	6	3	2	5	33	10	5	4	28	33	2	13	4	8	4
GBLD0308	6	9	3	3	34	11	6	4	14	39	2	4	2	10	2
GBLD0309	13	8	2	3	34	11	6	4	16	39	2	4	5	13	7
GBLD0310	18	1	2	5	35	11	6	4	16	38	4	8	6	6	10
GBLD0311	8	4	2	4	34	4	6	4	25	40	2	38	6	13	1
GBLD0312	12	3	3	4	34	1	6	4	14	39	8	22	3	13	4
GBLD0313	6	1	2	4	34	10	8	4	15	38	2	12	5	20	7
GBLD0314	12	2	2	2	32	11	6	4	9	38	8	13	5	13	1
GBLD0315	8	7	12	18	12	9	14	18	13	5	13	8	12	9	12
GBLD0316	11	3	1	3	35	19	6	8	16	37	3	10	3	6	3
GBLD0317	13	5	2	3	31	10	7	5	8	39	6	6	4	15	7
GBLD0318	11	1	2	3	34	27	9	4	9	39	3	10	9	6	4
GBLD0319	6	3	2	7	31	2	10	4	9	40	4	33	3	24	12
GBLD0320	9	5	1	3	31	10	6	4	11	1	5	17	4	22	10
GBLD0321	6	10	2	3	33	7	9	5	7	39	3	13	1	25	34
GBLD0322	6	1	2	4	34	28	15	4	9	37	38	12	4	9	9
GBLD0323	6	2	2	3	34	5	6	4	18	33	1	13	5	15	3
GBLD0324	6	1	2	4	34	10	6	4	13	38	6	4	3	8	4
GBLD0325	10	3	2	2	33	23	8	4	8	32	8	9	3	9	6
GBLD0326	6	1	2	3	31	2	3	4	17	39	4	8	7	8	9
GBLD0327	20	4	11	17	10	10	9	17	24	5	16	3	13	33	15
GBLD0328	None	None	None	None	32	None	None	None	None	39	None	None	None	20	None
GBLD0329	None	None	None	None	33	None	None	None	None	None	None	None	None	None	None
GBLD0330	6	4	3	6	5	9	5	3	15	36	1	31	5	13	2
GBLD0331	8	9	1	2	32	10	4	9	24	14	None	17	8	4	9
GBLD0332	6	15	2	7	14	22	21	1	9	9	8	25	31	40	17
GBLD0333	11	4	4	3	32	2	4	4	18	39	3	13	3	13	18
GBLD0334	15	3	2	2	32	15	6	4	14	39	7	14	5	13	4
GBLD0335	14	10	3	4	35	4	6	4	16	39	2	7	8	20	3
GBLD0336	12	5	3	10	35	3	4	4	16	39	7	9	8	13	27
GBLD0337	14	2	None	9	34	None	6	4	None	40	None	6	None	24	None
GBLD0338	14	3	1	4	32	15	6	5	13	39	2	13	2	8	9
GBLD0339	18	3	2	2	32	14	6	4	17	40	2	6	5	13	4
GBLD0340	19	3	3	4	32	11	7	4	19	40	2	6	6	20	1
GBLD0341	9	3	18	4	32	10	10	4	18	38	5	11	15	9	3
GBLD0342	9	2	1	3	32	1	5	5	14	36	2	4	2	24	23
GBLD0343	14	1	7	3	32	11	6	4	16	39	2	6	6	13	18
GBLD0344	6	12	1	1	33	3	4	4	2	36	3	4	3	7	3
GBLD0345	10	3	2	2	34	2	6	4	16	38	4	13	7	12	10
GBLD0346	16	3	1	4	32	19	6	4	17	40	9	17	5	24	18
GBLD0347	6	6	1	3	34	1	9	4	1	40	4	8	9	21	3
GBLD0348	19	11	1	1	32	19	7	4	10	38	2	5	7	13	18
GBLD0349	12	3	1	2	34	11	4	4	11	39	2	23	1	23	18
GBLD0350	6	4	38	6	33	10	8	21	27	37	7	1	6	30	3
GBLD0351	11	4	9	4	31	12	7	8	12	36	3	13	7	13	18
GBLD0352	16	3	1	2	33	15	6	4	16	38	4	4	5	5	None
GBLD0353	16	4	2	2	32	11	6	9	11	38	2	16	5	13	12
GBLD0354	10	1	2	4	33	11	6	4	16	39	3	14	8	3	15
GBLD0355	6	3	8	8	7	18	3	7	13	3	8	7	13	1	38
GBLD0356	14	8	1	2	34	12	6	4	17	39	6	12	8	20	11
GBLD0357	13	7	2	5	34	10	6	5	14	40	6	3	6	24	8
GBLD0358	6	6	7	8	3	8	3	9	8	40	8	9	7	8	9
GBLD0359	6	13	1	4	34	10	5	4	20	40	3	3	5	2	16
GBLD0360	11	2	2	8	31	11	6	4	8	36	3	10	8	13	18
GBLD0361	9	4	2	4	32	11	8	8	16	39	2	10	5	18	16
GBLD0362	14	3	2	2	32	14	6	4	16	38	2	8	5	9	12
GBLD0363	9	3	2	3	32	19	6	8	16	39	2	10	7	13	18
GBLD0364	14	3	2	2	32	18	6	8	16	38	2	13	5	20	4
GBLD0365	13	3	1	4	35	11	9	4	25	40	2	11	4	5	18
GBLD0366	19	24	2	4	32	29	6	4	14	40	2	21	5	8	18
GBLD0367	19	24	2	4	32	29	6	4	14	40	2	21	5	8	18
GBLD0368	23	None	1	3	32	15	10	None	None	38	None	None	4	None	8
GBLD0369	3	1	1	15	1	1	8	5	11	40	2	13	5	10	18
GBLD0370	12	5	10	4	34	10	6	4	20	40	4	6	1	23	1
GBLD0371	10	2	2	3	32	2	6	4	19	37	2	13	5	20	8
GBLD0372	14	2	2	3	32	15	6	4	18	39	2	18	8	13	2
GBLD0373	6	2	1	3	32	12	6	4	11	37	2	8	8	13	18
GBLD0374	14	3	2	1	32	19	6	8	19	39	2	13	3	13	4
GBLD0375	12	13	5	2	32	12	8	4	8	39	4	23	6	1	9
GBLD0376	19	23	10	4	34	13	6	5	13	38	6	4	5	14	4
GBLD0377	10	11	2	3	32	15	6	4	16	36	2	7	7	13	24
GBLD0378	6	10	1	4	34	10	6	4	24	38	6	18	5	20	23
GBLD0379	9	4	2	2	32	2	6	8	10	39	7	13	9	24	8
GBLD0380	4	21	2	4	34	12	10	5	15	39	4	10	8	13	18
GBLD0381	12	8	1	13	32	5	10	11	18	38	6	13	5	20	13
GBLD0382	6	5	2	4	31	4	7	4	14	38	3	1	14	21	27
GBLD0383	10	4	2	4	32	3	6	4	17	38	4	4	7	15	27
GBLD0384	6	2	2	4	34	10	8	5	10	36	5	11	3	20	8
GBLD0385	20	7	2	2	32	13	8	4	16	40	3	23	5	23	5
GBLD0386	6	7	3	4	33	11	6	4	9	38	5	9	6	13	6
GBLD0387	8	9	1	3	32	12	10	4	14	39	2	14	5	14	18
GBLD0388	6	4	4	32	35	6	6	9	17	17	9	8	9	18	13
GBLD0389	6	1	10	5	34	8	8	5	15	39	6	1	4	9	6
GBLD0390	12	17	2	4	32	10	6	5	16	39	2	18	20	13	2
GBLD0391	14	9	1	2	35	15	6	4	20	39	2	15	4	13	18
GBLD0392	6	13	4	10	32	27	6	4	13	39	3	18	5	20	2
GBLD0393	6	2	1	3	34	20	6	4	16	38	6	17	6	21	18
GBLD0394	6	7	1	4	32	4	8	4	10	39	3	1	5	19	3
GBLD0395	21	12	2	4	33	19	8	4	14	39	12	21	9	20	22
GBLD0396	6	6	2	2	34	9	6	8	9	39	3	6	2	20	2
GBLD0397	6	2	3	3	31	11	6	4	11	38	8	13	8	6	17
GBLD0398	6	6	1	4	34	4	5	3	10	36	3	3	3	8	2
GBLD0399	10	1	10	2	34	8	8	5	11	38	5	1	3	6	2
GBLD0400	14	2	1	4	32	2	6	4	5	39	2	10	5	13	17
GBLD0401	6	7	1	9	35	22	9	3	8	38	8	2	5	19	6
GBLD0402	20	12	2	6	32	9	6	8	14	39	4	4	7	6	7
GBLD0403	6	7	2	4	32	10	8	5	9	38	1	12	3	20	4
GBLD0404	21	3	1	2	31	2	6	4	14	36	2	17	6	6	13
GBLD0405	29	4	4	9	32	13	8	4	16	36	2	8	7	20	3
GBLD0406	6	2	2	5	34	4	6	4	16	40	3	18	2	19	3
GBLD0407	11	1	2	10	37	12	6	10	11	40	3	6	7	6	18
GBLD0408	6	2	2	8	1	10	4	4	14	1	3	35	3	6	2
GBLD0409	25	23	15	23	34	28	23	22	29	40	22	23	24	25	1
GBLD0410	13	3	2	6	34	11	6	4	11	38	2	12	5	17	2
GBLD0411	6	4	3	4	34	3	6	8	11	35	4	5	3	13	2
GBLD0412	14	12	2	2	32	13	6	4	10	39	2	15	3	13	17
GBLD0413	6	6	1	4	32	11	1	5	3	36	8	14	5	6	12
GBLD0414	14	3	2	3	2	3	6	8	19	40	4	4	5	13	14
GBLD0415	6	6	1	5	32	11	6	8	9	38	1	12	5	20	18
GBLD0416	10	2	9	3	1	10	4	4	17	38	9	20	4	6	19
GBLD0417	11	5	2	2	34	11	9	4	16	39	2	4	9	22	18
GBLD0418	6	2	4	7	34	18	6	4	8	32	1	1	4	1	5
GBLD0419	6	18	2	7	33	12	6	5	16	34	4	4	3	2	5
GBLD0420	9	1	2	4	31	10	9	8	8	38	2	6	6	23	19
GBLD0421	10	3	2	3	32	4	6	4	16	39	2	13	6	6	18
GBLD0422	9	3	1	4	31	2	6	4	15	40	9	18	3	20	27
GBLD0423	12	5	2	2	34	14	7	4	13	40	2	17	5	6	24
GBLD0424	None	None	None	None	None	None	None	None	None	None	None	None	None	20	None
GBLD0425	14	2	3	5	32	15	6	8	7	8	2	4	8	18	9
GBLD0426	13	2	2	1	33	7	6	5	16	39	2	16	8	13	3
GBLD0427	24	21	27	2	34	13	6	4	18	8	2	3	3	6	10
GBLD0428	None	None	None	None	None	None	None	None	None	None	None	None	None	None	None
GBLD0429	6	1	2	3	32	11	6	5	19	40	4	6	4	21	16
GBLD0430	14	2	3	2	32	15	6	4	16	36	2	13	8	12	4
GBLD0431	6	2	9	4	34	11	13	4	10	39	4	9	8	24	18
GBLD0432	2	28	23	8	24	24	15	12	4	14	23	27	7	27	22
GBLD0433	12	1	4	20	34	6	5	8	6	40	5	16	6	21	18
GBLD0434	None	None	None	None	None	None	None	None	None	None	None	None	None	None	None
GBLD0435	10	4	4	6	34	19	18	4	25	37	7	12	8	5	18
GBLD0436	14	4	2	4	31	11	6	4	19	40	4	9	8	21	12
GBLD0437	14	3	4	6	31	12	6	5	6	5	3	14	5	20	18
GBLD0438	20	10	1	4	32	12	8	4	8	37	5	10	6	20	8
GBLD0439	21	11	1	4	33	9	5	8	10	3	16	3	10	6	5
GBLD0440	14	13	8	3	9	2	8	24	14	4	9	7	23	28	13
GBLD0441	14	3	1	2	31	11	6	4	12	36	3	8	1	19	29
GBLD0442	14	2	2	2	34	4	6	20	16	37	2	19	3	23	9
GBLD0443	12	2	1	4	32	8	6	4	16	39	5	13	8	13	19
GBLD0444	11	2	3	7	32	18	13	4	3	31	7	3	4	18	2
GBLD0445	12	2	9	2	32	3	6	4	13	37	8	12	13	17	14
GBLD0446	6	2	1	4	34	10	6	4	18	40	4	4	8	13	27
GBLD0447	20	37	23	4	34	23	3	1	3	38	2	2	4	3	3
GBLD0448	10	1	1	8	34	5	3	4	16	36	5	17	3	13	3
GBLD0449	6	2	2	5	32	18	3	4	14	3	4	3	7	20	13
GBLD0450	6	1	2	1	31	4	6	5	25	18	18	24	5	10	9
GBLD0451	18	2	2	2	32	11	6	4	15	37	2	14	4	13	27
GBLD0452	11	1	1	4	34	2	9	4	8	9	3	25	5	24	20
GBLD0453	7	10	4	3	33	23	6	4	4	38	18	19	13	13	4
GBLD0454	8	5	1	7	34	11	8	4	23	None	11	2	23	13	18
GBLD0455	6	7	4	5	1	9	10	6	10	4	3	6	3	5	7
GBLD0456	14	2	2	2	34	4	6	20	16	37	2	3	5	11	8
GBLD0457	3	8	8	4	23	3	7	23	13	4	7	3	15	2	9
GBLD0458	12	11	3	4	35	5	5	4	19	40	7	17	5	15	12
GBLD0459	10	1	1	8	34	5	8	4	16	36	7	17	3	13	4
GBLD0460	6	2	3	4	32	11	6	4	10	39	3	9	7	13	2
GBLD0461	10	2	19	5	34	4	6	5	20	37	2	14	7	19	2
GBLD0462	6	22	1	5	40	11	6	8	18	39	7	24	5	21	6
GBLD0463	6	2	2	2	32	11	6	4	3	38	8	8	8	14	8
GBLD0464	7	18	9	30	22	3	34	24	17	10	21	13	32	15	21
GBLD0465	6	10	1	4	39	10	6	5	1	36	6	6	4	13	1
GBLD0466	6	1	4	None	None	7	5	4	None	None	2	3	2	None	None
GBLD0467	14	3	1	2	32	10	6	4	11	40	5	8	4	13	5
GBLD0468	8	10	1	2	33	14	12	4	4	32	5	3	7	24	16
GBLD0469	10	2	2	4	32	2	6	3	16	40	4	21	4	6	16
GBLD0470	6	6	2	4	32	10	8	4	10	36	4	12	7	13	8
GBLD0471	7	2	1	13	36	7	6	4	8	39	5	9	4	20	14
GBLD0472	10	4	2	8	31	11	6	5	9	37	2	18	6	6	1
GBLD0473	13	4	1	2	31	2	8	4	19	39	4	23	10	6	18
GBLD0474	10	2	2	4	32	2	6	8	16	40	4	21	4	1	16
GBLD0475	15	2	2	4	32	7	13	4	11	39	4	4	3	13	4
GBLD0476	6	1	5	4	32	6	4	4	3	36	4	3	13	17	24
GBLD0477	13	2	2	4	35	2	6	4	9	40	4	23	9	6	18
GBLD0478	18	5	1	4	34	11	17	4	9	36	4	7	7	13	18
GBLD0479	18	2	4	7	1	6	6	4	8	39	3	2	2	20	3
GBLD0480	15	8	1	4	31	18	6	10	29	34	8	23	9	13	17
GBLD0481	6	2	2	4	32	6	6	4	16	40	6	3	7	10	16
GBLD0482	6	2	4	4	31	9	6	4	20	38	5	8	4	19	18
GBLD0483	10	11	1	4	32	18	12	5	14	38	5	18	4	7	16
GBLD0484	15	2	1	5	34	11	6	5	16	40	3	13	3	13	1
GBLD0485	11	1	2	2	34	11	6	4	16	39	18	14	7	20	25
GBLD0486	10	2	3	4	3	1	3	4	8	3	6	4	8	20	3
GBLD0487	14	3	2	3	31	17	3	4	3	3	3	8	7	5	3
GBLD0488	6	3	1	6	31	6	10	4	11	40	8	18	8	2	2
GBLD0489	1	1	9	2	33	8	4	4	17	32	18	8	4	10	8
GBLD0490	6	1	1	4	32	12	6	3	16	40	3	10	4	4	3
GBLD0491	8	4	1	5	34	5	6	4	29	40	8	19	5	20	10
GBLD0492	8	1	6	4	33	3	10	5	11	37	7	8	3	6	4
GBLD0493	6	33	3	4	34	9	6	4	30	38	5	8	7	13	3
GBLD0494	19	1	4	5	1	19	1	11	15	4	4	5	8	13	2
GBLD0495	6	4	1	4	34	11	6	4	16	38	4	18	7	22	13
GBLD0496	13	2	2	2	32	7	6	4	18	38	2	21	7	24	18
GBLD0497	6	2	1	6	34	5	6	4	16	36	5	14	17	6	18
GBLD0498	11	3	2	2	32	4	6	4	18	38	2	21	7	24	27
GBLD0499	6	2	3	5	35	2	14	4	24	36	9	7	4	6	8
GBLD0500	10	5	1	9	34	19	8	4	15	39	7	9	5	14	7
GBLD0501	15	10	1	2	32	10	6	4	13	39	2	19	7	24	13
GBLD0502	10	13	1	5	32	13	7	4	13	34	14	9	5	20	9
GBLD0503	18	3	2	3	35	17	6	4	11	40	4	22	5	24	18
GBLD0504	36	2	3	4	32	11	6	4	16	39	5	14	6	20	4
GBLD0505	6	2	4	2	31	11	6	4	20	37	5	18	8	23	4
GBLD0506	14	1	4	2	34	9	6	4	10	39	4	3	4	13	27
GBLD0507	12	18	1	9	39	11	6	6	10	40	4	17	4	13	7
GBLD0508	9	1	2	3	34	9	4	7	10	39	9	12	35	33	27
GBLD0509	12	5	2	4	32	7	6	8	16	39	26	19	2	6	2
GBLD0510	21	10	3	5	32	8	6	4	25	38	4	18	8	16	9
GBLD0511	9	2	4	4	33	11	6	4	14	38	3	7	2	18	38
GBLD0512	14	1	1	1	33	8	6	4	6	39	2	8	2	20	6
GBLD0513	6	4	3	4	35	13	6	3	15	5	None	None	None	None	None
GBLD0514	13	5	3	9	32	2	6	8	16	39	2	16	12	38	9
GBLD0515	6	4	3	4	35	9	6	9	15	6	10	34	8	13	13
GBLD0516	12	1	2	15	35	10	6	5	16	40	9	20	12	21	9
GBLD0517	6	1	2	3	34	8	6	5	16	40	9	8	7	13	8
GBLD0518	14	11	2	4	37	13	9	4	34	38	3	7	8	20	24
GBLD0519	1	6	4	5	36	10	4	7	8	37	9	15	12	20	32
GBLD0520	6	7	6	2	31	13	10	6	21	40	5	18	2	13	19
GBLD0521	3	3	2	8	7	9	18	15	25	11	8	7	24	19	3
GBLD0522	23	8	1	6	32	11	10	5	11	37	4	18	8	21	17
GBLD0523	6	2	2	2	35	20	8	8	14	40	1	14	5	20	18
GBLD0524	6	2	2	2	35	11	8	8	14	40	1	20	5	25	1
GBLD0525	8	1	4	5	32	10	23	6	8	7	3	3	5	13	3
GBLD0526	10	10	1	4	2	20	6	5	21	39	4	3	5	25	15
GBLD0527	6	2	2	3	32	8	3	5	8	40	2	3	7	13	7
GBLD0528	14	6	12	5	34	13	6	5	15	39	4	16	11	28	18
GBLD0529	6	5	5	3	34	12	9	1	10	38	4	13	9	13	18
GBLD0530	6	5	8	10	8	1	8	9	10	2	4	1	8	10	4
GBLD0531	6	3	7	4	31	11	6	10	11	38	2	5	4	21	12
GBLD0532	11	2	2	4	32	4	3	4	13	40	5	5	7	13	12
GBLD0533	12	2	2	3	33	3	3	4	20	38	5	3	5	13	17
GBLD0534	6	6	1	7	35	2	5	5	10	40	8	3	6	13	1
GBLD0535	11	1	3	4	32	5	6	4	25	40	3	13	8	13	18
GBLD0536	14	13	2	2	33	11	6	8	13	8	7	18	5	25	19
GBLD0537	11	1	1	4	32	5	6	4	25	40	2	13	5	13	18
GBLD0538	7	4	4	6	31	9	6	4	18	38	5	12	2	13	12
GBLD0539	11	6	10	2	31	14	6	1	11	38	6	1	5	18	18
GBLD0540	6	13	1	8	1	13	9	6	18	39	8	8	3	19	7
GBLD0541	12	7	1	12	31	11	6	6	18	40	23	7	5	3	21
GBLD0542	6	6	1	2	34	7	6	3	14	38	2	4	4	13	18
GBLD0543	13	4	3	3	33	2	5	4	18	38	4	5	8	25	6
GBLD0544	6	1	18	5	33	8	8	5	13	37	4	3	12	13	10
GBLD0545	10	1	1	5	32	2	4	4	10	40	9	7	5	15	4
GBLD0546	17	4	1	5	33	6	9	5	11	36	3	9	5	24	18
GBLD0547	3	8	8	4	3	23	2	18	13	3	8	3	13	19	3
GBLD0548	21	3	2	3	33	1	6	4	20	39	13	7	4	24	13
GBLD0549	6	6	6	5	34	10	8	6	19	40	8	4	8	7	18
GBLD0550	38	18	38	15	38	27	8	34	38	38	4	23	6	18	33
GBLD0551	12	9	2	4	31	26	7	4	15	39	2	7	8	6	27
GBLD0552	13	8	2	4	31	24	13	4	18	36	9	23	1	16	17
GBLD0553	10	5	2	9	34	8	7	4	11	38	4	8	3	24	2
GBLD0554	21	4	2	5	32	5	8	5	3	40	7	7	5	20	18
GBLD0555	10	1	2	12	35	12	6	4	12	36	2	7	10	28	3
GBLD0556	13	4	2	3	32	8	7	5	5	39	4	3	4	23	6
GBLD0557	12	6	4	8	3	4	6	4	9	39	5	3	6	20	18
GBLD0558	15	4	2	4	34	9	6	8	14	36	3	7	3	9	2
GBLD0559	5	5	3	4	33	22	5	5	11	39	1	10	2	23	6
GBLD0560	13	2	1	3	31	2	6	5	10	40	1	3	6	13	2
GBLD0561	14	3	2	2	34	5	6	4	17	39	2	12	5	6	18
GBLD0562	10	8	2	4	33	18	6	4	18	39	2	3	8	11	8
GBLD0563	19	14	5	4	34	10	6	4	14	40	4	6	7	6	18
GBLD0564	9	14	13	18	38	23	17	13	25	17	13	7	22	28	34
GBLD0565	6	30	13	6	33	8	6	8	14	34	2	3	2	15	8
GBLD0566	11	3	3	2	32	10	6	4	9	39	2	18	7	6	18
GBLD0567	10	13	2	6	35	12	6	4	17	38	2	4	4	23	8
GBLD0568	10	11	1	4	33	11	12	4	11	39	2	3	7	10	18
GBLD0569	14	1	2	8	31	11	7	4	11	39	8	18	8	6	27
GBLD0570	6	3	1	2	32	2	6	4	16	39	5	19	5	12	4
GBLD0571	12	1	2	4	31	10	6	4	11	38	2	3	5	21	18
GBLD0572	10	1	2	1	None	24	6	4	16	None	2	14	8	13	None
GBLD0573	None	None	None	None	None	None	None	None	None	None	None	None	None	None	None
GBLD0574	20	15	2	2	32	15	6	6	19	38	2	10	8	13	18
GBLD0575	11	1	2	1	33	13	28	4	14	38	23	22	19	14	22
GBLD0576	21	14	8	2	32	18	10	15	14	7	8	7	8	14	12
GBLD0577	12	1	2	4	34	10	6	4	19	36	2	13	7	9	9
GBLD0578	6	1	2	4	34	13	13	4	14	31	2	3	2	5	2
GBLD0579	8	1	4	4	5	4	5	3	7	40	8	2	5	20	4
GBLD0580	11	8	8	2	33	13	7	8	19	8	8	8	13	13	18
GBLD0581	14	20	2	2	35	28	6	9	16	39	4	12	3	13	14
GBLD0582	9	7	2	9	32	10	6	5	14	36	4	8	5	19	9
GBLD0583	12	1	2	7	32	3	4	8	12	9	12	2	11	14	10
GBLD0584	10	2	4	5	32	11	6	1	19	34	8	2	2	4	39
GBLD0585	6	3	1	4	31	18	6	4	18	39	4	9	4	20	13
GBLD0586	10	2	5	4	32	8	3	4	14	4	2	3	13	3	9
GBLD0587	14	4	6	3	32	18	6	5	15	40	9	1	8	4	2
GBLD0588	7	3	1	10	37	11	12	1	17	33	2	9	3	20	8
GBLD0589	6	3	2	3	35	4	9	4	17	40	2	17	6	11	16
GBLD0590	6	9	9	8	7	3	28	14	14	5	18	10	11	8	15
GBLD0591	12	9	9	4	8	8	5	10	10	8	8	None	None	None	None
GBLD0592	13	5	1	2	34	13	6	5	13	31	4	14	5	13	12
GBLD0593	None	None	None	None	None	None	None	None	None	None	None	None	None	None	None
GBLD0594	8	4	9	1	3	14	7	22	13	3	2	3	13	3	6
GBLD0595	7	4	2	5	2	9	7	4	7	3	5	5	12	6	3
GBLD0596	10	10	10	4	3	15	10	10	10	10	10	8	10	10	10
GBLD0597	10	10	1	4	3	10	6	5	14	39	9	10	8	13	4
GBLD0598	14	1	4	4	34	12	6	5	11	37	5	18	4	8	27
GBLD0599	10	10	2	2	33	21	6	4	9	40	10	7	8	20	9
GBLD0600	8	5	1	2	31	8	3	8	12	36	3	4	8	6	10
GBLD0601	14	3	2	4	32	4	6	4	None	None	None	15	None	None	None
GBLD0602	13	1	9	4	32	2	8	5	11	39	8	9	4	20	17
GBLD0603	19	2	2	2	33	7	4	4	3	35	4	13	9	8	27
GBLD0604	6	3	5	4	34	6	6	24	8	32	7	23	8	6	1
GBLD0605	2	9	13	7	34	15	7	5	8	33	6	3	4	7	19
GBLD0606	6	8	1	1	3	9	2	5	3	2	4	5	4	29	5
GBLD0607	9	13	12	6	34	8	8	4	7	12	7	18	11	12	7
GBLD0608	6	9	1	6	31	30	8	6	8	3	13	4	1	10	3
GBLD0609	5	1	3	2	4	11	6	10	6	33	2	2	3	20	9
GBLD0610	10	2	1	4	31	8	6	4	20	36	1	25	1	14	4
GBLD0611	12	3	2	2	35	2	6	4	10	39	5	6	5	20	4
GBLD0612	10	1	2	4	32	11	6	4	9	40	5	6	4	20	18
GBLD0613	19	2	2	2	32	3	3	4	16	38	5	12	7	23	18
GBLD0614	13	3	17	3	2	2	28	38	18	17	3	8	22	4	9
GBLD0615	6	8	3	2	34	10	4	4	16	40	1	18	9	22	18
GBLD0616	6	3	8	3	38	3	3	3	20	3	8	8	11	24	18
GBLD0617	6	9	14	6	33	7	6	24	12	3	13	14	7	9	5
GBLD0618	10	2	5	4	32	8	6	4	5	38	4	23	7	13	14
GBLD0619	21	4	2	2	32	11	6	5	14	36	3	14	2	13	14
GBLD0620	6	4	1	2	35	14	8	7	9	6	10	16	7	18	16
GBLD0621	12	3	5	7	31	14	5	4	8	9	3	26	5	20	8
GBLD0622	9	5	2	2	35	13	8	10	19	38	3	20	2	20	4
GBLD0623	6	1	38	4	31	11	1	4	16	37	3	7	5	12	23
GBLD0624	6	9	1	5	34	13	6	10	14	32	3	4	8	10	2
GBLD0625	6	4	12	2	35	2	8	4	5	33	6	10	3	26	7
GBLD0626	6	1	3	7	3	7	5	8	7	7	9	5	2	6	4
GBLD0627	40	40	15	40	40	40	5	8	30	40	30	1	19	3	14
GBLD0628	14	1	4	8	34	3	6	7	9	38	8	13	7	23	22
GBLD0629	18	2	3	5	1	3	5	18	18	3	8	3	23	8	8
GBLD0630	11	3	3	3	4	13	3	12	20	1	7	1	18	9	14
GBLD0631	6	3	18	1	8	13	7	4	15	2	6	3	8	4	15
GBLD0632	13	8	8	8	8	19	2	23	7	2	12	7	13	12	20
GBLD0633	12	3	2	4	3	4	4	4	4	4	4	4	4	4	4
GBLD0634	30	13	8	3	2	22	19	23	10	6	1	26	13	15	3
GBLD0635	10	1	2	8	32	2	6	4	16	40	9	4	7	6	18
GBLD0636	23	11	2	6	34	11	6	26	11	40	4	6	8	9	20
GBLD0637	6	3	2	2	32	5	6	4	13	39	5	9	7	20	2
GBLD0638	6	4	12	2	4	9	14	2	4	4	6	2	3	4	4
GBLD0639	5	1	9	6	2	3	7	19	12	10	11	8	28	7	16
GBLD0640	8	5	12	7	32	13	8	4	8	3	8	7	5	8	8
GBLD0641	11	2	8	2	32	3	10	4	16	39	4	10	5	20	3
GBLD0642	18	5	13	5	33	23	6	4	17	38	12	12	8	13	2
GBLD0643	11	1	7	2	32	15	6	7	10	38	5	17	10	13	27
GBLD0644	7	3	2	4	34	1	10	13	16	37	18	11	8	20	4
GBLD0645	6	6	4	9	32	14	15	2	5	7	9	7	8	7	20
GBLD0646	None	None	None	None	None	None	None	None	None	None	None	None	None	None	None
GBLD0647	6	4	1	4	32	3	6	4	10	40	10	6	4	13	7
GBLD0648	10	12	1	5	35	6	6	4	3	31	8	2	3	6	12
GBLD0649	8	8	3	4	8	2	2	13	3	4	2	2	13	3	14
GBLD0650	6	2	1	5	3	18	9	13	4	6	14	7	8	10	16
GBLD0651	14	3	2	2	34	11	6	4	16	37	2	10	7	9	1
GBLD0652	12	1	9	8	35	2	3	34	14	33	6	13	5	18	17
GBLD0653	6	10	1	4	2	19	6	4	8	8	5	5	8	5	8
GBLD0654	11	2	13	4	34	11	6	4	14	37	2	13	9	21	19
GBLD0655	19	2	1	4	33	11	6	4	10	35	3	23	7	2	3
GBLD0656	6	5	1	4	None	11	4	5	11	None	4	11	5	20	None
GBLD0657	10	8	3	8	8	39	4	10	6	8	20	8	17	3	13
GBLD0658	7	2	1	6	3	1	7	7	2	3	3	3	5	20	35
GBLD0659	6	2	1	3	34	11	1	8	19	39	2	11	5	27	24
GBLD0660	10	12	8	7	14	18	8	13	14	15	8	3	18	12	24
GBLD0661	6	1	1	5	1	5	6	4	10	2	3	8	4	20	23
GBLD0662	6	1	3	4	34	2	6	2	16	40	2	6	2	6	18
GBLD0663	10	3	10	7	34	2	6	4	16	40	4	18	7	20	19
GBLD0664	11	1	2	2	33	18	9	4	9	13	2	3	8	6	13
GBLD0665	10	8	1	4	32	2	6	7	18	38	2	20	5	13	2
GBLD0666	6	1	2	4	35	10	24	4	9	3	4	4	4	4	4
GBLD0667	6	1	2	4	35	11	6	4	13	40	3	19	6	22	8
GBLD0668	6	5	3	4	34	8	9	5	6	8	4	6	4	6	34
GBLD0669	14	2	2	4	32	8	8	4	16	38	5	17	6	6	3
GBLD0670	6	7	1	2	3	3	23	18	19	4	7	3	37	8	4
GBLD0671	10	1	2	5	35	17	6	4	13	2	2	4	3	13	10
GBLD0672	12	3	6	4	34	9	7	4	8	39	4	8	8	8	3
GBLD0673	14	2	3	4	32	10	6	4	12	38	3	12	8	13	4
GBLD0674	13	1	2	4	32	11	6	4	13	38	3	19	4	10	8
GBLD0675	6	2	1	4	6	8	6	4	8	2	1	8	13	10	7
GBLD0676	None	None	None	None	None	None	None	None	None	None	None	None	None	None	None
GBLD0677	10	4	1	4	3	10	6	3	14	33	3	18	8	3	13
GBLD0678	6	5	3	4	34	8	9	5	6	8	4	6	4	6	34
GBLD0679	22	2	4	4	4	4	4	4	4	4	4	4	4	4	4
GBLD0680	6	2	2	3	3	3	3	1	3	7	8	2	18	8	2
GBLD0681	10	5	6	3	8	18	7	8	9	9	6	3	12	3	9
GBLD0682	11	5	8	3	32	5	8	5	11	40	7	14	7	6	20
GBLD0683	12	1	1	4	33	9	6	4	3	36	5	13	6	13	8
GBLD0684	10	2	1	4	32	10	6	4	10	40	9	1	5	13	18
GBLD0685	13	4	1	5	32	12	6	4	13	40	3	13	5	12	2
GBLD0686	6	1	1	4	34	2	7	2	14	38	5	12	6	3	8
GBLD0687	14	4	2	3	34	12	5	4	16	39	5	15	7	4	12
GBLD0688	14	3	2	4	33	4	6	4	18	39	1	11	9	6	28
GBLD0689	21	3	2	1	34	11	6	5	11	39	2	8	8	24	27
GBLD0690	6	1	2	1	32	11	6	4	13	3	13	2	1	14	8
GBLD0691	10	3	4	None	32	15	10	4	11	39	None	None	9	None	None
GBLD0692	6	1	9	4	31	2	6	10	9	34	5	1	7	24	8
GBLD0693	6	6	2	7	33	10	4	4	8	34	8	6	7	20	9
GBLD0694	6	4	2	4	35	5	6	4	14	36	2	19	5	13	18
GBLD0695	6	8	4	4	1	13	2	8	10	4	9	4	8	4	10
GBLD0696	15	14	2	3	33	27	6	4	19	36	3	1	4	12	1
GBLD0697	6	5	1	6	33	9	10	10	15	36	4	2	8	6	12
GBLD0698	9	5	9	2	3	5	6	8	14	4	5	3	5	24	8
GBLD0699	7	4	16	6	1	2	6	6	6	40	8	9	5	10	1
GBLD0700	7	3	4	3	2	7	7	3	5	3	1	2	8	4	1
GBLD0701	6	5	3	4	34	2	5	2	14	36	5	1	9	13	4
GBLD0702	11	3	1	2	32	5	6	4	8	36	None	None	None	None	None
GBLD0703	12	3	2	2	31	20	8	4	9	39	None	None	None	None	None
GBLD0704	6	5	4	3	34	5	4	4	15	39	1	9	8	20	24
GBLD0705	1	1	9	5	31	10	6	4	23	40	6	13	4	8	11
GBLD0706	10	2	2	2	33	7	4	17	18	33	16	5	13	17	14
GBLD0707	21	2	2	4	35	9	8	4	23	14	19	15	29	6	18
GBLD0708	9	3	3	2	33	2	5	4	8	36	4	17	8	6	4
GBLD0709	None	None	None	3	32	None	None	4	None	None	None	None	None	2	None
GBLD0710	15	6	2	4	31	9	8	4	14	38	4	8	4	20	8
GBLD0711	10	23	2	4	10	18	7	22	19	23	13	14	4	18	12
GBLD0712	12	9	2	6	38	11	6	13	2	3	3	3	13	3	3
GBLD0713	6	10	2	5	2	13	6	8	22	6	1	7	5	10	3
GBLD0714	6	3	1	5	32	2	6	5	11	36	9	3	8	20	18
GBLD0715	10	5	4	6	32	9	6	5	14	39	11	24	8	10	30
GBLD0716	13	7	3	4	35	8	9	5	11	13	1	19	7	15	18
GBLD0717	10	3	3	4	1	10	5	4	4	4	4	14	6	18	8
GBLD0718	10	4	4	5	34	7	9	6	11	38	7	3	8	9	28
GBLD0719	11	2	2	4	32	25	6	4	13	4	7	3	14	20	18
GBLD0720	10	3	2	3	31	10	8	4	16	40	8	3	8	13	1
GBLD0721	7	5	4	4	34	7	6	4	7	37	4	8	4	6	9
GBLD0722	6	2	2	2	31	11	6	13	19	3	2	7	9	4	8
GBLD0723	6	2	8	4	32	7	4	3	8	38	9	4	8	8	14
GBLD0724	16	2	2	3	33	22	9	4	11	38	9	6	2	14	5
GBLD0725	10	2	1	2	32	10	6	6	16	3	2	40	5	13	1
GBLD0726	10	4	2	2	32	5	6	8	9	5	9	1	2	6	30
GBLD0727	15	19	1	4	34	29	7	4	9	36	3	13	8	6	9
GBLD0728	3	8	2	6	1	8	2	23	3	8	2	18	8	8	7
GBLD0729	11	3	1	2	33	8	6	5	10	40	8	12	1	20	23
GBLD0730	22	3	7	6	31	2	8	4	15	40	13	8	8	6	18
GBLD0731	39	11	13	4	33	10	10	8	20	39	13	13	8	8	7
GBLD0732	6	1	9	4	34	3	5	9	14	39	4	7	8	18	9
GBLD0733	6	2	3	4	31	6	9	4	13	36	2	1	5	20	1
GBLD0734	6	3	3	3	33	11	6	4	16	38	13	18	8	13	18
GBLD0735	15	1	5	3	34	2	6	5	8	40	3	1	7	20	1
GBLD0736	6	1	1	3	33	10	5	9	14	37	3	4	5	19	5
GBLD0737	6	4	1	5	31	3	6	4	11	39	2	4	5	6	12
GBLD0738	8	3	2	4	1	6	1	5	5	34	1	8	5	3	2
GBLD0739	12	4	3	8	32	5	6	4	5	39	4	10	2	20	19
GBLD0740	6	3	4	5	33	8	3	5	10	34	15	4	2	3	14
GBLD0741	10	11	1	5	34	24	8	5	25	40	3	3	8	9	13
GBLD0742	22	23	2	3	32	11	3	4	19	36	2	22	8	20	12
GBLD0743	6	1	14	2	33	11	6	4	16	39	3	12	7	18	19
GBLD0744	11	27	2	3	32	11	6	5	17	40	4	13	6	13	14
GBLD0745	6	1	1	4	38	3	9	4	11	38	4	20	8	13	18
GBLD0746	6	4	2	2	35	5	6	4	13	39	2	16	5	20	8
GBLD0747	14	2	2	4	31	11	6	5	17	33	4	13	3	2	3
GBLD0748	7	5	3	5	31	6	8	5	20	40	1	13	7	20	14
GBLD0749	10	12	1	5	34	8	5	5	14	36	4	3	8	9	13
GBLD0750	12	2	1	4	31	10	6	5	19	38	9	7	2	24	16
GBLD0751	14	14	2	2	2	11	4	4	15	38	20	21	5	14	4
GBLD0752	9	1	1	2	33	2	7	4	9	38	4	3	4	20	22
GBLD0753	None	None	None	None	None	None	None	None	None	None	None	None	None	None	None
GBLD0754	10	3	4	2	1	19	6	4	14	31	5	1	1	4	4
GBLD0755	6	1	2	5	34	18	23	4	16	39	8	23	13	8	14
GBLD0756	8	5	2	2	33	8	1	4	18	39	3	13	4	3	23
GBLD0757	6	7	4	9	34	9	8	4	16	38	5	7	5	19	23
GBLD0758	15	6	3	2	32	9	5	4	17	38	1	14	3	25	18
GBLD0759	18	8	14	3	33	1	2	4	4	33	2	3	3	6	4
GBLD0760	26	3	2	3	31	10	6	4	16	38	2	13	7	9	3
GBLD0761	14	2	19	2	33	2	6	4	19	39	4	10	6	21	19
GBLD0762	11	3	1	4	34	5	10	4	9	34	5	4	2	13	1
GBLD0763	10	1	15	4	34	15	6	4	18	40	6	23	3	24	17
GBLD0764	13	3	1	2	32	11	6	5	13	39	2	6	3	13	18
GBLD0765	6	3	10	4	32	8	7	6	13	9	1	12	5	16	19
GBLD0766	13	8	2	4	9	2	9	19	19	7	8	8	28	9	14
GBLD0767	11	8	4	4	35	10	6	4	19	40	6	18	5	18	14
GBLD0768	6	3	1	3	34	1	8	4	6	40	9	4	9	19	8
GBLD0769	17	13	5	8	4	33	9	9	18	3	3	14	17	28	23
GBLD0770	15	13	1	3	34	12	7	8	16	38	2	4	3	6	25
GBLD0771	15	9	3	5	31	8	7	4	13	36	13	4	4	20	23
GBLD0772	20	3	1	3	31	11	6	4	16	39	9	3	5	13	4
GBLD0773	8	8	3	9	32	9	8	4	18	40	13	5	4	20	3
GBLD0774	19	20	15	4	2	10	6	4	20	40	5	13	12	13	1
GBLD0775	6	4	1	6	2	11	7	8	6	2	4	1	7	20	16
GBLD0776	None	None	None	None	None	None	None	None	None	None	None	None	None	None	None
GBLD0777	6	10	4	4	32	11	6	5	20	39	3	8	7	20	14
GBLD0778	8	4	1	2	32	19	6	5	19	36	9	12	4	9	4
GBLD0779	6	9	1	9	12	14	6	9	10	2	3	16	3	7	9
GBLD0780	6	12	2	2	32	11	6	4	13	39	2	23	8	13	3
GBLD0781	7	3	18	9	13	2	2	22	27	28	19	8	23	10	20
GBLD0782	10	4	1	8	32	11	7	5	14	38	7	36	7	23	33
GBLD0783	10	2	1	7	32	12	8	4	11	38	4	12	7	20	17
GBLD0784	6	10	4	2	34	12	6	9	10	37	7	14	5	9	4
GBLD0785	11	3	2	2	32	11	6	1	16	37	5	13	7	13	1
GBLD0786	6	3	3	5	34	2	7	2	4	2	4	39	8	4	3
GBLD0787	21	12	4	11	32	21	8	4	13	36	1	3	4	13	2
GBLD0788	22	5	2	29	34	5	6	4	18	38	4	1	1	24	16
GBLD0789	13	3	1	2	35	15	6	10	17	37	4	6	3	22	3
GBLD0790	23	6	9	2	34	13	6	4	14	38	4	17	8	19	1
GBLD0791	10	8	9	8	6	14	18	9	13	5	2	3	19	8	9
GBLD0792	11	2	2	7	35	12	7	4	11	38	3	13	5	24	17
GBLD0793	11	1	8	8	34	11	6	5	25	39	10	13	9	6	28
GBLD0794	19	14	13	4	31	18	5	6	25	39	10	37	2	5	4
GBLD0795	19	13	8	9	2	8	2	23	23	2	13	28	3	38	3
GBLD0796	11	10	1	4	7	25	6	8	8	9	4	4	8	5	4
GBLD0797	10	3	2	6	3	19	6	39	25	30	7	36	2	13	4
GBLD0798	10	1	2	4	31	24	2	9	16	38	2	14	4	13	16
GBLD0799	10	3	2	4	32	12	7	4	11	36	2	14	8	3	8
GBLD0800	6	2	2	2	35	11	6	4	16	40	2	1	3	24	4
GBLD0801	10	10	4	5	33	2	6	4	9	39	5	13	2	9	13
GBLD0802	14	19	9	2	1	25	6	3	9	10	7	2	10	25	14
GBLD0803	10	2	2	2	34	11	6	4	9	37	2	4	4	13	18
GBLD0804	11	4	1	2	1	1	1	1	17	1	1	1	1	1	3
GBLD0805	14	3	3	4	33	5	33	9	16	38	30	30	23	30	40
GBLD0806	9	2	1	3	31	10	6	5	18	40	2	10	5	24	3
GBLD0807	9	1	4	4	36	7	8	4	11	33	3	9	8	9	8
GBLD0808	9	1	3	1	31	10	7	4	11	36	4	9	9	19	9
GBLD0809	2	2	1	5	31	6	10	4	9	38	4	4	6	6	18
GBLD0810	9	1	1	4	31	10	6	4	11	39	4	32	4	19	14
GBLD0811	10	5	3	4	31	11	6	4	5	38	8	6	2	15	8
GBLD0812	9	2	7	2	35	7	6	4	16	38	3	12	1	6	24
GBLD0813	8	2	7	2	35	7	6	1	16	38	1	3	4	23	2
GBLD0814	12	3	2	2	40	15	6	4	16	40	8	4	3	8	14
GBLD0815	10	3	2	4	32	2	6	4	16	40	2	9	2	22	2
GBLD0816	6	3	1	6	33	22	8	18	14	18	8	29	39	13	8
GBLD0817	14	3	2	2	32	3	6	4	10	40	1	2	4	20	10
GBLD0818	14	3	2	2	34	10	6	4	10	40	3	3	2	6	27
GBLD0819	1	9	1	5	31	11	6	23	12	36	36	30	8	4	29
GBLD0820	14	3	2	2	32	11	6	7	10	40	3	19	5	23	9
GBLD0821	13	8	1	5	3	2	3	13	9	8	12	4	11	10	2
GBLD0822	14	2	1	4	32	5	6	4	10	40	4	20	4	13	4
GBLD0823	6	2	4	4	32	2	6	4	16	40	2	9	8	20	5
GBLD0824	9	4	4	19	3	14	8	13	18	37	8	13	18	8	8
GBLD0825	14	3	2	2	33	19	6	4	10	39	2	19	7	6	4
GBLD0826	14	3	2	3	32	12	6	4	13	38	3	9	7	23	12
GBLD0827	11	2	2	3	32	4	8	4	11	34	1	2	4	10	3
GBLD0828	6	5	1	4	34	10	8	4	10	40	4	23	4	6	8
GBLD0829	6	2	1	5	32	10	13	7	3	4	32	34	32	39	19
GBLD0830	11	4	3	3	1	2	6	4	8	2	1	4	5	13	2
GBLD0831	6	4	5	3	4	33	2	19	19	1	6	8	38	39	14
GBLD0832	8	6	4	2	34	22	7	7	9	39	10	12	5	20	17
GBLD0833	17	4	2	3	31	11	9	4	19	38	2	13	5	6	12
GBLD0834	6	3	2	2	31	11	None	None	None	None	None	None	None	None	None
GBLD0835	6	12	2	2	31	11	6	4	11	39	3	14	4	25	7
GBLD0836	14	4	3	3	3	3	3	13	19	5	2	2	13	5	4
GBLD0837	12	3	2	2	34	11	6	7	10	40	3	19	3	13	4
GBLD0838	14	3	2	4	34	3	19	8	19	37	8	3	17	20	14
GBLD0839	20	4	1	5	34	12	10	4	14	40	4	9	4	6	8
GBLD0840	6	3	7	5	6	8	2	8	6	8	9	10	11	7	10
GBLD0841	14	19	3	10	4	2	13	25	24	3	1	12	24	25	8
GBLD0842	6	3	2	1	33	2	2	2	2	2	2	2	5	18	None
GBLD0843	9	2	2	1	2	3	4	10	18	9	3	3	19	10	4
GBLD0844	3	3	3	3	3	3	3	3	3	3	None	None	None	None	None
GBLD0845	6	4	8	3	9	8	18	18	19	3	6	3	13	6	3
GBLD0846	14	8	1	4	34	2	6	5	20	39	3	2	2	20	1
GBLD0847	6	1	7	2	33	6	3	4	1	38	4	9	7	6	10
GBLD0848	14	3	1	3	34	11	6	4	19	37	4	8	4	20	23
GBLD0849	16	3	3	2	32	11	6	4	16	39	2	18	6	19	13
GBLD0850	14	13	2	2	32	11	6	8	12	39	2	12	4	16	13
GBLD0851	12	1	1	4	32	4	6	4	16	40	5	12	5	13	5
GBLD0852	11	6	1	4	33	19	6	4	4	34	4	5	14	8	18
GBLD0853	10	2	1	2	32	13	8	5	13	40	8	16	9	20	18
GBLD0854	22	2	4	5	33	2	8	2	19	37	4	4	5	18	4
GBLD0855	14	6	1	2	32	11	6	4	22	38	2	13	7	6	18
GBLD0856	14	15	4	3	32	12	6	4	19	39	2	18	4	20	4
GBLD0857	14	11	4	2	33	12	10	2	20	39	6	6	5	13	12
GBLD0858	19	10	2	8	8	9	6	10	17	8	12	1	4	12	4
GBLD0859	10	3	1	3	32	11	6	4	19	38	2	8	5	13	18
GBLD0860	6	9	2	3	35	13	7	6	12	37	8	10	8	24	7
GBLD0861	6	3	2	1	34	20	6	4	18	38	2	16	4	18	13
GBLD0862	14	3	3	2	32	11	6	4	16	39	2	17	6	6	2
GBLD0863	10	10	5	2	34	11	8	10	5	38	4	1	7	6	3
GBLD0864	14	12	2	3	32	11	6	4	11	39	6	16	4	6	18
GBLD0865	12	1	8	10	33	2	23	17	24	10	27	16	19	23	19
GBLD0866	16	15	2	5	31	18	9	4	10	32	4	19	7	4	14
GBLD0867	6	3	3	4	35	11	6	4	10	38	4	16	5	13	18
GBLD0868	10	3	2	8	34	3	10	4	12	36	2	7	5	20	18
GBLD0869	6	5	6	3	32	11	7	4	11	37	2	10	8	20	13
GBLD0870	10	1	13	4	2	30	6	5	5	39	2	8	3	19	4
GBLD0871	6	23	2	5	35	18	9	4	10	39	14	21	5	8	7
GBLD0872	6	8	10	8	3	2	6	4	14	3	3	2	7	6	1
GBLD0873	2	2	8	3	34	11	6	4	13	38	4	22	24	6	18
GBLD0874	13	3	2	1	32	5	6	4	16	39	2	7	8	24	18
GBLD0875	11	14	3	13	33	3	8	18	20	17	17	1	1	23	13
GBLD0876	16	3	2	2	32	5	6	4	16	39	2	21	13	24	27
GBLD0877	13	2	2	4	1	2	9	5	16	39	2	1	5	6	10
GBLD0878	10	20	2	1	32	22	6	4	10	40	4	7	16	13	18
GBLD0879	11	3	2	2	32	5	6	4	16	39	2	13	3	6	4
GBLD0880	30	3	3	10	14	7	9	24	15	8	20	3	14	7	4
GBLD0881	13	3	2	3	32	5	6	4	16	39	2	7	8	24	18
GBLD0882	6	1	1	13	34	4	7	9	19	35	4	9	7	10	7
GBLD0883	1	6	38	5	4	8	6	4	16	5	3	3	6	24	4
GBLD0884	12	3	2	2	32	8	6	4	17	37	1	21	8	24	18
GBLD0885	7	3	3	1	2	2	1	23	25	18	21	7	34	19	25
GBLD0886	17	3	2	2	32	14	6	4	5	38	2	1	3	20	12
GBLD0887	11	3	2	6	32	3	6	8	16	40	4	4	4	6	18
GBLD0888	13	3	2	2	32	5	6	4	16	40	2	7	13	7	19
GBLD0889	19	3	2	2	32	2	6	6	16	39	5	11	5	13	8
GBLD0890	10	3	2	4	34	8	6	4	9	39	4	5	2	4	1
GBLD0891	6	1	2	2	32	2	8	4	16	40	3	3	None	None	None
GBLD0892	11	2	4	3	35	12	9	4	16	39	2	1	5	6	10
GBLD0893	6	4	8	4	3	10	4	2	15	4	1	7	7	19	4
GBLD0894	11	3	2	2	32	6	6	4	16	39	2	3	24	8	13
GBLD0895	9	9	3	4	37	10	8	4	8	39	13	19	2	9	8
GBLD0896	6	2	2	3	1	2	1	2	2	1	2	1	2	13	1
GBLD0897	10	3	2	2	32	14	6	4	16	39	2	13	None	None	None
GBLD0898	6	3	2	2	32	None	None	None	None	None	None	None	None	None	None
GBLD0899	11	22	8	5	34	7	6	5	14	39	1	4	4	20	8
GBLD0900	9	7	9	9	34	2	5	4	8	40	6	3	7	9	2
GBLD0901	8	2	6	4	31	18	6	4	9	40	7	3	4	21	5
GBLD0902	10	8	1	3	32	3	5	4	17	38	2	20	7	22	13
GBLD0903	11	3	1	2	35	9	10	2	12	40	5	11	8	13	29
GBLD0904	12	6	3	3	37	28	6	4	9	38	3	28	8	10	13
GBLD0905	6	1	3	3	31	2	4	4	5	34	5	1	8	23	8
GBLD0906	6	8	14	4	34	10	7	2	14	40	7	9	4	24	4
GBLD0907	13	4	4	3	32	2	8	4	8	36	8	4	1	24	13
GBLD0908	6	1	2	1	32	30	6	4	23	38	23	28	2	20	18
GBLD0909	6	11	2	8	33	12	8	4	8	31	3	13	3	21	4
GBLD0910	20	10	2	4	34	11	7	5	11	39	1	11	4	22	27
GBLD0911	11	3	3	4	32	4	6	4	16	39	2	5	6	8	14
GBLD0912	14	3	1	4	34	4	6	4	16	37	7	18	6	9	1
GBLD0913	14	4	9	2	33	10	6	4	18	34	4	35	22	9	19
GBLD0914	6	2	1	4	4	11	8	4	17	37	4	13	7	6	10
GBLD0915	14	2	1	7	33	4	6	4	13	31	3	4	7	21	8
GBLD0916	6	10	1	3	34	10	6	4	5	39	4	9	5	22	2
GBLD0917	10	2	1	4	1	11	8	4	17	37	3	13	7	6	10
GBLD0918	13	3	4	4	33	11	6	4	11	38	2	9	8	10	4
GBLD0919	10	4	2	2	34	2	6	4	16	36	2	13	3	10	3
GBLD0920	8	2	1	2	34	13	5	5	10	36	3	1	2	21	9
GBLD0921	23	3	2	2	32	11	6	4	16	36	2	8	18	12	19
GBLD0922	6	1	3	8	35	7	6	4	11	37	38	3	8	33	27
GBLD0923	6	1	2	7	32	2	6	4	11	39	4	12	10	21	8
GBLD0924	12	3	2	4	32	11	6	4	16	40	2	18	2	13	18
GBLD0925	18	3	2	2	34	11	6	4	16	39	3	13	1	23	4
GBLD0926	29	5	5	6	33	19	4	6	11	39	13	9	13	6	3
GBLD0927	9	5	5	3	35	13	5	4	8	2	1	6	4	6	4
GBLD0928	14	3	3	4	34	13	6	4	16	37	2	21	7	13	18
GBLD0929	12	2	2	7	34	10	5	5	15	37	2	29	8	7	3
GBLD0930	10	7	8	4	8	7	4	12	13	2	8	3	8	3	9
GBLD0931	12	3	1	4	35	7	7	4	18	36	2	3	3	17	13
GBLD0932	12	1	1	2	32	11	6	4	16	39	2	9	7	13	23
GBLD0933	14	2	1	8	31	10	9	5	13	39	3	9	8	23	19
GBLD0934	11	2	4	6	34	2	8	4	11	37	4	13	4	13	18
GBLD0935	9	14	5	9	14	21	9	13	17	37	12	20	18	12	14
GBLD0936	13	2	4	1	34	11	6	4	16	38	2	4	10	7	6
GBLD0937	14	3	2	3	32	11	6	4	16	39	4	10	4	7	3
GBLD0938	14	2	2	22	34	2	6	4	15	38	2	6	2	18	13
GBLD0939	9	5	8	8	34	5	6	4	16	39	2	21	6	6	23
GBLD0940	10	13	3	15	4	2	8	22	27	39	12	10	13	19	21
GBLD0941	6	7	6	8	10	11	13	8	6	8	13	10	10	21	23
GBLD0942	13	3	2	2	33	13	7	4	16	39	2	17	6	9	20
GBLD0943	6	2	4	1	33	15	6	7	9	37	9	33	6	8	34
GBLD0944	10	5	4	4	34	10	8	18	24	14	4	4	19	8	15
GBLD0945	12	3	6	2	34	2	6	8	19	37	5	9	4	13	4
GBLD0946	12	3	2	2	32	3	6	4	16	38	2	17	7	13	7
GBLD0947	10	8	1	1	9	40	6	33	28	4	None	8	1	13	5
GBLD0948	6	8	7	3	2	11	12	12	15	2	10	7	6	3	9
GBLD0949	10	9	5	2	31	8	8	8	14	19	7	2	18	4	15
GBLD0950	8	20	3	4	33	24	17	8	13	9	7	14	4	7	10
GBLD0951	10	2	9	13	12	6	13	8	10	4	1	12	9	5	2
GBLD0952	11	7	10	4	34	15	6	4	7	32	14	12	23	18	18
GBLD0953	2	5	9	1	2	3	6	4	5	7	10	6	6	5	18
GBLD0954	10	9	9	2	32	23	6	4	20	4	13	9	24	9	20
GBLD0955	6	2	9	7	10	3	3	13	8	5	2	3	1	4	4
GBLD0956	6	6	2	30	32	23	3	4	15	33	8	4	5	13	3
GBLD0957	10	9	5	8	8	9	6	2	23	1	19	2	14	7	20
GBLD0958	9	9	7	8	3	14	6	8	8	3	4	2	13	4	3
GBLD0959	12	1	7	22	34	5	5	11	14	None	2	23	5	18	9
GBLD0960	10	3	2	3	34	18	6	4	11	38	2	12	4	25	29
GBLD0961	17	35	19	8	4	3	23	7	13	3	3	3	5	8	18
GBLD0962	14	3	2	3	32	4	6	4	16	39	2	12	3	13	4
GBLD0963	10	2	10	3	1	5	6	8	13	2	3	3	19	4	10
GBLD0964	13	8	4	10	38	18	9	27	14	18	22	23	24	14	18
GBLD0965	6	6	8	6	33	11	6	3	6	32	3	13	4	6	2
GBLD0966	14	3	4	5	12	15	12	27	35	37	2	8	3	13	18
GBLD0967	6	1	2	2	32	5	6	4	8	38	3	5	7	13	18
GBLD0968	14	1	8	4	38	3	9	13	18	3	15	8	12	20	13
GBLD0969	6	1	3	3	8	2	2	13	19	5	7	3	12	5	15
GBLD0970	12	3	2	3	32	10	6	4	19	40	2	10	3	6	24
GBLD0971	12	4	4	14	1	6	3	4	5	37	7	15	10	17	9
GBLD0972	10	7	2	3	32	11	6	5	18	38	18	13	17	7	18
GBLD0973	14	3	2	2	34	19	6	4	14	36	2	13	4	13	4
GBLD0974	6	18	2	4	34	18	6	4	16	36	2	13	18	13	17
GBLD0975	2	3	1	3	31	5	6	4	5	32	5	8	5	9	17
GBLD0976	14	3	2	3	34	11	6	4	5	39	2	10	5	19	1
GBLD0977	14	3	2	2	33	11	6	4	12	36	5	17	8	13	4
GBLD0978	14	2	4	2	34	26	6	4	10	40	36	18	13	20	18
GBLD0979	15	10	2	4	35	11	5	4	9	37	8	16	6	16	9
GBLD0980	10	10	2	3	32	11	6	4	16	39	9	19	5	13	19
GBLD0981	6	3	3	4	35	11	8	5	14	37	3	5	7	13	10
GBLD0982	11	3	2	4	34	18	6	4	16	36	2	13	18	13	17
GBLD0983	11	11	2	3	3	11	6	4	11	39	2	4	4	4	4
GBLD0984	11	12	2	1	31	11	8	14	1	39	3	7	5	3	10
GBLD0985	14	1	2	3	32	2	6	4	16	39	3	18	5	4	17
GBLD0986	13	1	2	7	34	11	13	9	11	8	12	19	10	20	17
GBLD0987	14	1	2	4	34	11	6	4	13	39	2	5	4	22	13
GBLD0988	7	3	4	4	34	11	5	4	10	14	22	28	8	29	15
GBLD0989	14	3	1	4	35	2	9	4	11	33	16	3	5	9	13
GBLD0990	7	4	8	5	31	5	18	4	10	37	9	16	10	20	19
GBLD0991	6	20	5	4	34	23	6	8	15	36	11	21	8	15	17
GBLD0992	6	1	7	1	34	11	6	4	16	36	3	24	13	20	18
GBLD0993	16	3	2	4	34	4	6	4	13	36	2	1	1	2	8
GBLD0994	10	1	19	10	5	11	6	15	9	17	4	10	7	13	9
GBLD0995	11	3	4	4	32	12	6	4	16	36	2	9	6	23	2
GBLD0996	13	7	7	4	31	18	4	4	10	39	2	18	4	20	3
GBLD0997	6	5	2	4	31	6	6	4	8	36	2	14	9	20	18
GBLD0998	4	3	2	4	33	11	6	5	19	37	3	4	7	19	14
GBLD0999	6	5	3	4	34	11	5	5	10	37	5	18	5	20	7
GBLD1001	None	None	None	None	None	None	None	None	None	None	None	None	None	None	None
GBLD1002	10	2	1	9	33	10	6	4	8	40	3	9	4	6	16
GBLD1003	3	8	11	4	15	12	14	28	19	15	17	3	24	10	27
GBLD1004	7	3	14	4	9	2	3	23	19	5	7	2	23	3	3
GBLD1005	None	None	None	None	None	None	None	None	None	None	None	None	None	None	4
GBLD1006	17	1	2	2	35	6	6	4	16	40	2	16	9	13	3
GBLD1007	12	2	2	2	34	11	6	4	17	38	4	23	7	6	25
GBLD1008	13	2	2	4	33	14	9	4	7	38	5	14	8	8	13
GBLD1009	17	1	2	2	32	6	6	4	16	40	2	16	3	13	3
GBLD1010	10	36	2	2	32	11	6	4	9	39	6	22	8	6	3
GBLD1011	6	4	4	4	35	6	5	4	17	38	3	4	5	3	2
GBLD1012	9	1	2	2	31	5	6	4	13	35	7	13	23	None	None
GBLD1013	14	10	2	1	34	13	6	4	13	33	8	12	6	20	18
GBLD1014	17	1	2	2	32	6	6	4	16	40	2	16	4	20	3
GBLD1015	20	3	2	5	33	14	6	4	17	39	4	14	7	20	2
GBLD1016	19	3	1	4	34	2	6	4	16	39	4	24	5	17	16
GBLD1017	18	6	2	10	34	5	6	5	10	39	2	9	5	13	10
GBLD1018	14	3	2	2	34	15	6	4	9	39	2	18	7	13	23
GBLD1019	6	2	2	5	35	4	6	4	16	8	2	10	3	8	10
GBLD1020	17	1	5	2	33	8	6	2	13	40	2	8	7	13	7
GBLD1021	10	10	1	3	2	11	2	5	9	40	4	5	4	10	2
GBLD1022	6	2	2	2	35	6	6	4	16	38	8	19	4	20	5
GBLD1023	12	4	2	4	33	12	6	4	17	40	4	4	13	6	19
GBLD1024	17	1	2	2	34	6	8	4	16	40	5	2	2	2	2
GBLD1025	14	4	13	2	32	11	6	3	9	40	2	4	12	7	13
GBLD1026	6	8	2	1	35	10	7	4	6	34	3	12	8	12	12
GBLD1027	14	1	2	4	8	2	6	4	7	3	4	22	4	12	40
GBLD1028	6	2	10	7	32	10	9	4	16	37	4	3	3	6	4
GBLD1029	6	9	2	2	35	4	7	18	8	10	2	3	4	3	3
GBLD1030	10	7	2	1	32	11	6	4	8	38	8	6	1	6	4
GBLD1031	10	5	2	28	31	11	8	7	9	40	3	14	8	20	24
GBLD1032	6	13	2	3	32	11	8	4	10	37	2	16	4	20	4
GBLD1033	11	11	14	5	35	9	12	4	13	9	18	3	13	19	14
GBLD1034	13	2	1	5	34	13	10	4	11	38	4	5	7	20	18
GBLD1035	6	4	2	9	34	23	13	14	7	36	18	22	8	2	12
GBLD1036	14	3	1	4	34	11	6	4	8	37	9	5	7	20	23
GBLD1037	6	1	8	2	31	8	7	24	13	2	11	9	12	8	8
GBLD1038	6	5	2	2	31	11	6	4	16	40	5	15	7	13	28
GBLD1039	10	5	13	5	34	21	5	5	18	38	2	3	8	3	8
GBLD1040	14	3	2	2	34	14	6	8	7	38	5	8	2	6	18
GBLD1041	13	11	1	4	32	23	6	9	11	7	4	18	4	25	3
GBLD1042	14	1	1	3	34	4	6	4	16	39	4	1	7	13	1
GBLD1043	7	13	2	6	34	28	8	4	17	39	8	18	7	20	13
GBLD1044	9	4	1	2	33	11	10	8	5	39	8	11	3	3	11
GBLD1045	6	1	4	3	34	2	4	8	10	40	4	7	5	18	13
GBLD1046	6	3	2	2	34	11	6	5	9	40	6	10	2	6	24
GBLD1047	6	5	1	4	33	4	6	4	8	38	7	18	12	8	18
GBLD1048	10	5	3	2	32	11	6	5	19	39	4	13	4	21	27
GBLD1049	13	9	2	2	32	11	6	8	16	40	2	15	4	6	20
GBLD1050	14	1	3	2	31	2	9	4	16	37	4	7	3	20	8
GBLD1051	15	27	7	2	32	11	6	8	10	39	16	18	13	12	22
GBLD1052	18	3	2	4	33	11	6	3	9	36	10	1	3	20	24
GBLD1053	6	2	8	3	4	2	4	12	18	9	2	7	13	22	13
GBLD1054	12	13	1	2	32	14	6	4	18	38	7	8	3	8	13
GBLD1055	6	2	1	1	34	11	5	4	16	38	1	8	5	20	30
GBLD1056	11	4	2	3	32	18	8	4	16	36	2	8	8	13	19
GBLD1057	13	2	2	4	33	11	6	4	20	37	5	4	9	13	19
GBLD1058	11	10	3	2	32	12	4	4	14	40	2	1	5	12	30
GBLD1059	6	1	1	2	33	2	6	4	8	32	7	35	6	25	3
GBLD1060	14	4	2	2	34	10	8	5	12	38	3	7	4	6	18
GBLD1061	14	2	2	2	32	11	6	4	11	40	2	38	8	13	18
GBLD1062	7	7	7	12	33	2	8	7	4	1	23	4	10	23	11
GBLD1063	17	3	2	2	32	15	6	4	16	39	2	None	None	None	None
GBLD1064	6	9	2	13	31	2	6	14	5	38	40	40	5	19	1
GBLD1065	10	8	1	2	33	9	4	5	21	39	9	17	8	6	18
GBLD1066	6	7	2	3	32	11	5	4	18	37	5	11	5	18	3
GBLD1067	6	1	1	4	33	13	4	4	10	4	4	2	1	13	6
GBLD1068	14	3	2	4	34	5	6	4	17	40	2	10	7	6	18
GBLD1069	6	1	5	2	35	6	6	4	19	40	2	21	5	24	18
GBLD1070	20	3	2	2	33	11	6	4	11	39	2	18	5	24	4
GBLD1071	14	1	2	2	32	12	6	4	9	37	5	11	8	9	10
GBLD1072	14	3	4	2	32	11	6	4	16	37	4	9	7	20	7
GBLD1073	6	7	2	4	32	11	5	4	18	39	2	9	9	20	3
GBLD1074	6	4	1	4	34	4	5	8	11	39	2	18	4	20	2
GBLD1075	12	1	5	4	34	3	6	4	11	40	7	8	1	8	13
GBLD1076	11	12	2	2	34	11	6	12	23	36	7	18	8	21	1
GBLD1077	12	1	5	4	34	3	6	4	11	40	7	8	1	8	13
GBLD1078	21	20	2	4	32	12	8	4	8	40	2	9	4	22	14
GBLD1079	6	2	2	2	34	11	6	4	16	40	4	13	8	20	2
GBLD1080	14	3	4	2	32	11	6	4	16	37	4	3	4	7	7
GBLD1081	11	5	3	6	2	9	8	10	8	3	7	4	4	13	2
GBLD1082	12	5	2	6	2	8	6	3	14	5	38	None	None	None	None
GBLD1083	None	None	None	None	None	None	None	None	None	None	None	None	None	None	None
GBLD1084	13	3	8	4	35	23	4	None	9	5	2	3	18	9	3
GBLD1085	14	3	2	3	32	11	6	4	21	39	3	11	4	19	3
GBLD1086	4	9	7	None	None	None	7	13	None	None	None	3	18	None	None
GBLD1087	6	2	8	6	31	11	6	4	11	39	4	8	4	19	8
GBLD1088	17	1	2	2	33	1	6	4	16	37	3	7	7	21	18
GBLD1089	6	3	3	4	32	7	8	5	16	40	4	14	2	13	24
GBLD1090	10	4	3	3	35	26	7	7	18	40	2	10	3	17	4
GBLD1091	8	2	9	5	7	8	2	19	2	5	8	3	6	9	17
GBLD1092	14	17	1	4	32	15	6	4	6	37	6	9	5	7	27
GBLD1093	6	4	1	6	33	10	6	4	14	38	2	24	5	13	7
GBLD1094	6	7	4	5	35	14	4	8	14	8	12	7	10	8	5
GBLD1095	6	5	1	4	31	6	5	5	8	9	3	4	5	7	9
GBLD1096	6	13	9	8	8	16	10	28	13	10	11	8	23	11	4
GBLD1097	19	8	1	3	31	15	6	9	19	37	3	2	1	8	1
GBLD1098	6	2	7	3	3	2	3	27	24	5	6	2	23	9	15
GBLD1099	4	5	5	2	32	9	6	4	13	37	13	4	14	25	8
GBLD1100	30	5	1	14	9	9	1	23	13	3	2	27	14	3	14
GBLD1101	8	2	1	10	34	18	13	4	3	37	2	6	8	13	7
GBLD1102	14	8	2	4	33	9	5	5	9	38	6	17	5	3	18
GBLD1103	21	5	1	2	33	10	8	4	16	39	1	32	2	13	4
GBLD1104	14	1	2	2	1	10	5	4	25	1	3	1	8	13	2
GBLD1105	14	3	2	2	33	10	6	4	8	39	2	4	5	5	3
GBLD1106	14	2	2	2	31	11	6	4	16	39	2	1	5	20	3
GBLD1107	8	18	7	13	21	8	12	22	17	2	7	1	23	8	12
GBLD1108	1	1	1	1	1	1	1	18	2	1	1	1	1	2	2
GBLD1109	14	2	1	10	33	5	6	4	9	37	5	4	5	22	14
GBLD1110	1	4	2	3	8	5	6	8	19	5	7	3	13	7	4
GBLD1111	7	1	4	3	10	3	4	7	12	10	7	5	16	4	20
GBLD1112	10	11	13	17	12	13	18	4	15	10	13	22	7	4	14
GBLD1113	13	3	2	2	35	18	6	4	16	39	2	13	2	6	4
GBLD1114	6	3	3	5	35	19	8	4	11	38	2	12	5	2	4
GBLD1115	17	11	1	4	35	11	6	4	13	38	2	13	4	6	4
GBLD1116	14	3	4	2	34	19	6	4	13	39	2	13	4	6	4
GBLD1117	14	10	2	2	35	23	30	4	8	40	10	13	14	15	12
GBLD1118	13	3	2	4	35	4	6	4	9	36	4	3	2	2	4
GBLD1119	12	4	2	2	31	4	6	4	14	37	2	4	7	13	23
GBLD1120	20	1	2	8	34	11	6	4	3	37	5	32	7	13	3
GBLD1121	11	3	1	4	32	11	6	4	10	39	4	12	7	13	18
GBLD1122	20	4	2	2	35	13	23	4	16	39	6	10	8	4	4
GBLD1123	14	1	12	2	31	2	6	8	10	38	2	18	8	13	7
GBLD1124	6	7	2	3	35	7	6	4	14	40	8	9	4	3	3
GBLD1125	14	1	8	9	5	2	6	8	18	5	2	13	3	9	15
GBLD1126	14	13	1	3	34	11	6	4	12	38	2	34	2	8	6
GBLD1127	6	3	3	2	35	11	6	4	19	38	7	17	14	13	4
GBLD1128	6	8	8	5	33	29	8	4	9	35	6	9	17	9	22
GBLD1129	8	8	8	8	8	30	6	4	8	7	9	12	7	20	9
GBLD1130	12	1	3	4	34	15	5	4	25	40	14	21	4	2	5
GBLD1131	6	4	7	4	31	2	9	4	25	40	4	12	17	13	8
GBLD1132	14	1	None	4	34	11	8	4	None	None	None	None	None	None	None
GBLD1133	16	3	1	4	34	4	6	4	16	40	1	3	2	13	2
GBLD1134	19	3	2	2	35	11	6	4	16	39	2	13	4	13	18
GBLD1135	15	3	2	4	32	13	6	4	16	40	5	13	2	34	9
GBLD1136	6	2	2	2	31	4	8	4	8	40	2	4	5	9	4
GBLD1137	6	4	1	1	35	2	5	4	13	38	2	13	5	2	4
GBLD1138	6	2	2	10	31	2	5	4	25	40	3	31	14	7	15
GBLD1139	8	3	4	5	31	9	6	4	14	40	2	2	6	19	18
GBLD1140	6	18	2	4	34	6	5	4	20	38	2	4	5	20	1
GBLD1141	6	2	1	7	31	2	7	4	5	39	2	3	5	6	8
GBLD1142	6	9	2	3	32	19	6	5	19	37	2	18	5	20	18
GBLD1143	21	10	2	2	32	19	6	4	16	39	2	18	5	13	4
GBLD1144	9	30	3	8	34	13	6	5	11	38	7	13	5	20	9
GBLD1145	14	3	2	3	32	19	6	4	16	39	2	18	5	13	4
GBLD1146	14	3	2	3	32	19	6	4	16	39	2	18	2	13	4
GBLD1147	6	1	2	3	32	19	6	4	16	39	2	18	2	13	4
GBLD1148	21	10	2	4	34	10	6	4	12	40	2	18	7	20	18
GBLD1149	14	3	5	3	32	5	6	4	6	39	2	18	4	20	13
GBLD1150	12	13	1	3	35	11	6	4	11	38	2	18	2	24	13
GBLD1151	6	1	2	4	32	9	5	4	9	39	2	18	6	24	18
GBLD1152	10	8	9	4	33	12	9	4	13	38	7	8	7	10	3
GBLD1153	22	3	1	2	32	22	6	4	16	37	7	12	8	18	28
GBLD1154	6	4	2	2	34	19	6	5	19	37	2	18	5	20	18
GBLD1155	9	2	8	7	33	2	4	5	6	32	8	14	11	10	3
GBLD1156	10	8	2	4	33	10	13	6	14	39	23	8	5	13	13
GBLD1157	12	2	1	2	34	11	7	4	19	33	3	11	7	6	18
GBLD1158	7	3	2	2	33	11	5	4	16	40	8	17	3	18	21
GBLD1159	6	4	2	1	34	11	6	4	6	38	2	12	8	8	4
GBLD1160	14	3	2	2	32	11	6	4	16	40	4	17	3	19	19
GBLD1161	14	10	2	4	34	10	6	4	16	40	2	13	3	6	8
GBLD1162	6	6	9	4	36	13	24	20	17	2	8	3	14	2	13
GBLD1163	6	8	6	4	31	24	5	4	4	38	8	5	7	20	22
GBLD1164	9	3	4	4	31	11	6	12	8	8	2	13	8	7	14
GBLD1165	8	1	3	4	35	2	6	4	12	40	3	4	2	13	27
GBLD1166	19	4	4	8	32	2	5	4	17	40	4	10	4	20	1
GBLD1167	14	10	1	6	35	11	13	4	16	40	2	3	5	6	1
GBLD1168	10	1	2	4	31	11	9	4	11	40	2	12	8	10	2
GBLD1169	14	4	1	8	32	2	6	4	19	40	2	12	1	9	8
GBLD1170	18	3	2	9	34	11	6	4	11	40	4	11	3	6	18
GBLD1171	14	1	1	8	34	13	6	4	12	38	10	17	8	20	7
GBLD1172	7	35	4	5	2	3	4	28	23	8	8	4	11	3	11
GBLD1173	12	3	1	2	32	11	8	4	19	40	4	3	4	9	2
GBLD1174	6	2	1	3	33	10	6	4	9	36	2	13	8	20	29
GBLD1175	11	1	1	3	31	11	6	4	9	40	2	5	5	3	23
GBLD1176	8	3	3	4	38	10	5	5	18	38	3	2	9	13	29
GBLD1177	18	19	13	9	39	19	8	21	18	37	7	33	20	10	15
GBLD1178	6	10	2	4	34	10	6	4	16	40	2	10	3	17	8
GBLD1179	13	3	1	8	33	19	23	4	16	35	9	12	3	18	19
GBLD1180	10	9	1	6	35	10	6	5	13	39	5	13	5	24	4
GBLD1181	6	10	4	4	40	10	10	1	17	40	2	9	3	18	14
GBLD1182	14	2	1	4	32	6	8	23	11	39	8	3	6	24	3
GBLD1183	14	4	2	4	32	2	6	15	14	34	9	5	4	24	3
GBLD1184	14	2	1	1	35	2	6	4	16	39	2	12	8	14	24
GBLD1185	10	3	2	4	32	15	5	3	19	40	2	18	5	13	4
GBLD1186	6	5	3	4	31	11	8	4	5	40	8	5	7	23	11
GBLD1187	10	4	2	4	32	11	8	4	19	38	6	8	8	13	None
GBLD1188	15	2	2	4	32	19	7	4	14	38	4	6	4	22	19
GBLD1189	11	10	2	None	34	11	11	4	19	None	None	None	None	None	None
GBLD1190	21	1	4	8	32	5	6	8	16	39	8	13	5	18	18
GBLD1191	14	13	1	4	34	15	6	23	16	40	4	4	5	14	24
GBLD1192	6	1	4	3	35	11	6	5	8	3	3	23	12	21	22
GBLD1193	6	2	9	4	14	7	5	12	8	8	8	2	22	8	14
GBLD1194	18	2	3	4	35	1	6	4	19	4	9	8	21	8	9
GBLD1195	12	1	3	3	32	8	3	4	16	36	3	3	8	4	9
GBLD1196	10	13	2	7	13	9	12	7	14	10	7	9	14	11	10
GBLD1197	6	10	5	1	33	24	6	4	13	39	4	2	2	6	8
GBLD1198	10	2	3	4	35	5	6	5	16	38	4	18	8	20	18
GBLD1199	10	5	9	2	5	9	4	9	8	5	3	8	9	3	14
GBLD1200	21	4	2	19	8	9	30	40	6	8	14	4	37	7	18
GBLD1201	21	4	2	4	7	8	12	27	23	7	7	3	23	14	19
GBLD1202	13	3	13	3	7	30	8	13	19	38	14	23	18	13	4
GBLD1203	13	28	13	4	5	12	13	22	24	26	18	28	4	7	14
GBLD1204	18	11	18	4	35	11	7	4	20	38	13	8	4	24	7
GBLD1205	20	13	8	1	1	1	1	1	1	3	1	2	23	28	28
GBLD1206	6	5	4	9	2	8	18	3	4	5	14	11	29	3	9
GBLD1207	6	3	3	3	3	3	3	3	3	3	3	3	18	3	3
GBLD1208	12	3	2	4	32	15	6	4	15	38	3	9	6	8	13
GBLD1209	13	8	1	4	32	10	5	4	14	40	3	12	2	13	2
GBLD1210	2	2	3	3	5	2	2	13	24	4	3	3	24	14	20
GBLD1211	10	4	2	2	34	11	6	13	15	39	12	8	7	22	25
GBLD1212	23	2	25	11	5	8	38	21	20	4	38	24	13	10	1
GBLD1213	12	2	8	4	4	1	2	18	14	3	11	2	18	9	16
GBLD1214	18	2	2	4	14	8	6	7	12	38	13	28	8	19	23
GBLD1215	12	1	2	4	34	21	9	4	10	39	7	3	23	8	15
GBLD1216	12	10	8	2	34	11	6	4	9	36	2	4	3	13	18
GBLD1217	13	3	1	4	32	14	6	4	11	38	2	17	3	13	18
GBLD1218	11	3	1	3	34	5	10	4	15	40	4	1	7	20	18
GBLD1219	14	2	3	3	32	11	6	4	16	39	5	13	3	6	27
GBLD1220	10	4	2	2	32	9	8	4	18	40	18	19	22	21	3
GBLD1221	6	5	13	5	34	8	8	4	4	39	3	1	4	13	4
GBLD1222	8	6	4	9	35	21	4	5	19	40	3	5	4	10	2
GBLD1223	14	3	4	4	35	17	6	4	16	38	2	17	3	20	4
GBLD1224	20	2	2	1	34	3	6	4	13	40	3	4	7	6	5
GBLD1225	10	17	3	2	35	5	1	5	26	39	4	8	10	19	18
GBLD1226	14	3	3	6	33	8	5	10	4	36	5	8	3	6	4
GBLD1227	19	4	1	2	35	12	6	5	8	37	2	3	4	25	18
GBLD1228	12	2	1	4	34	2	5	2	17	36	3	9	7	6	27
GBLD1229	14	11	1	2	35	14	10	8	12	40	3	10	5	6	18
GBLD1230	14	3	8	2	32	19	4	4	13	39	2	16	9	13	5
GBLD1231	20	12	1	2	32	13	4	8	13	37	4	14	5	13	18
GBLD1232	8	16	1	13	37	8	13	8	8	13	33	19	7	13	12
GBLD1233	10	2	2	4	33	2	5	4	10	40	4	3	10	22	27
GBLD1234	6	2	4	4	34	11	6	4	19	40	4	4	5	6	20
GBLD1235	6	4	4	4	32	10	6	5	11	39	14	7	1	6	8
GBLD1236	10	5	7	9	1	2	5	4	13	3	8	2	9	7	1
GBLD1237	14	3	11	3	33	11	6	4	18	38	4	12	3	9	7
GBLD1238	6	1	1	4	32	10	6	4	9	38	8	2	7	6	12
GBLD1239	11	2	3	2	31	11	4	4	13	40	2	20	10	20	8
GBLD1240	10	38	3	3	35	13	7	5	11	40	3	1	5	6	9
GBLD1241	6	4	4	5	3	12	5	6	7	39	35	40	5	24	8
GBLD1242	6	2	2	2	34	5	4	4	6	40	7	9	4	23	4
GBLD1243	7	4	5	2	34	11	5	4	22	39	13	1	7	6	27
GBLD1244	6	8	4	2	32	2	6	3	19	39	8	7	2	20	4
GBLD1245	18	8	10	5	32	2	13	8	19	38	2	23	10	13	18
GBLD1246	13	5	2	2	32	7	8	5	19	40	3	19	9	13	18
GBLD1247	21	23	1	16	34	9	17	9	24	32	24	21	8	5	3
GBLD1248	29	10	1	2	35	2	6	4	9	37	4	6	7	20	5
GBLD1249	17	7	2	4	35	23	8	4	19	37	2	20	5	19	6
GBLD1250	10	3	3	2	34	14	6	4	16	40	2	8	5	13	18
GBLD1251	17	2	19	3	35	12	6	5	24	38	2	6	3	6	29
GBLD1252	10	4	1	4	37	11	7	4	9	37	2	4	7	13	4
GBLD1253	13	1	4	4	34	7	6	4	12	38	4	16	4	13	18
GBLD1254	6	10	9	7	32	8	5	6	10	40	8	5	13	22	8
GBLD1255	14	4	4	5	34	8	6	4	16	40	2	4	3	23	18
GBLD1256	7	8	1	5	31	19	18	1	15	39	4	4	4	8	6
GBLD1257	9	1	2	4	33	6	1	5	10	37	2	4	3	13	6
GBLD1258	11	12	2	3	34	19	8	4	10	36	6	2	5	21	24
GBLD1259	6	4	4	2	34	10	6	4	16	37	2	11	5	13	27
GBLD1260	None	None	None	None	None	None	None	None	None	None	None	None	None	None	None
GBLD1261	11	3	1	3	34	11	6	4	16	39	None	None	None	None	None
GBLD1262	6	10	2	6	32	16	5	4	19	40	1	2	6	6	7
GBLD1263	18	2	1	4	35	12	6	4	7	39	5	7	3	13	18
GBLD1264	10	28	3	28	31	30	23	4	8	37	4	21	5	7	13
GBLD1265	9	4	3	2	34	2	8	4	9	39	2	6	9	13	18
GBLD1266	6	9	1	3	14	10	11	18	9	10	17	7	14	13	24
GBLD1267	11	3	2	2	34	11	6	4	29	39	2	16	9	13	18
GBLD1268	6	4	2	10	1	11	6	10	28	7	7	27	5	12	2
GBLD1269	6	1	19	4	32	3	5	4	10	37	2	1	4	6	18
GBLD1270	20	10	4	4	32	10	6	4	19	39	4	8	10	18	13
GBLD1271	8	2	2	3	34	9	13	4	10	40	4	21	5	13	24
GBLD1272	10	9	13	4	3	13	9	24	13	4	2	8	23	8	39
GBLD1273	13	5	1	39	32	11	6	4	19	38	4	15	7	20	16
GBLD1274	14	3	4	5	34	8	7	4	19	38	9	18	4	19	2
GBLD1275	10	7	1	3	31	11	6	4	11	38	3	8	7	15	24
GBLD1276	11	6	4	1	32	13	2	9	7	36	8	8	8	8	7
GBLD1277	6	9	4	3	31	11	5	10	6	38	2	1	3	20	14
GBLD1278	6	1	3	2	2	8	3	6	17	3	8	1	3	3	1
GBLD1279	6	2	1	2	32	24	6	5	8	38	7	14	5	13	15
GBLD1280	12	4	1	1	34	10	5	4	19	40	8	8	5	6	15
GBLD1281	14	1	3	3	34	2	5	4	3	4	3	3	4	13	9
GBLD1282	6	4	3	4	1	7	6	4	4	1	7	2	6	5	9
GBLD1283	12	6	1	4	35	11	8	4	14	38	2	12	8	7	2
GBLD1284	6	1	8	5	35	10	7	4	8	7	7	8	9	3	13
GBLD1285	14	11	1	4	34	12	7	4	10	33	4	23	4	13	3
GBLD1286	12	10	1	4	35	11	6	4	16	38	6	16	3	19	23
GBLD1287	13	2	2	6	31	9	6	4	9	39	7	11	10	19	10
GBLD1288	12	2	4	1	35	9	6	3	11	39	4	19	4	20	18
GBLD1289	5	7	8	12	32	8	6	23	4	18	4	13	4	5	3
GBLD1290	6	4	2	10	1	8	6	4	14	36	2	9	7	6	8
GBLD1291	14	3	3	2	32	4	6	4	16	39	14	3	5	13	18
GBLD1292	14	3	2	2	32	15	6	4	16	39	2	13	3	13	4
GBLD1293	12	5	1	2	3	4	7	4	19	33	3	13	7	8	3
GBLD1294	11	3	1	4	34	10	8	4	14	35	4	9	4	6	18
GBLD1295	13	2	4	2	34	11	8	4	16	40	3	9	8	13	9
GBLD1296	13	3	1	2	32	15	6	4	16	37	2	12	5	19	8
GBLD1297	18	3	23	3	35	33	8	23	18	8	21	14	19	3	8
GBLD1298	6	12	2	2	32	11	6	4	14	36	5	18	3	13	24
GBLD1299	6	10	3	5	34	2	10	16	8	39	5	8	9	13	13
GBLD1300	14	5	5	4	33	23	10	4	5	37	3	6	8	20	22
GBLD1301	18	10	3	5	34	10	6	4	16	40	4	12	7	13	1
GBLD1302	11	1	2	3	35	4	6	4	16	37	2	13	4	13	8
GBLD1303	13	4	4	4	31	8	9	4	8	3	9	6	19	7	14
GBLD1304	14	13	2	2	33	12	6	4	16	39	2	13	2	18	4
GBLD1305	13	1	2	4	8	3	6	8	11	3	9	8	5	22	3
GBLD1306	12	12	13	8	17	11	12	7	22	12	6	7	22	17	22
GBLD1307	25	None	2	5	35	10	16	4	12	36	2	20	4	8	10
GBLD1308	15	3	3	2	32	11	6	5	10	34	23	13	13	11	7
GBLD1309	13	8	1	9	32	23	7	4	26	36	8	14	9	8	12
GBLD1310	9	6	3	4	8	12	10	10	7	13	5	3	4	23	1
GBLD1311	11	2	2	5	35	3	7	3	10	38	3	10	4	20	9
GBLD1312	14	3	2	2	32	11	6	4	16	39	2	18	3	10	4
GBLD1313	6	5	2	5	1	6	5	6	16	3	1	2	6	13	2
GBLD1314	14	3	2	2	32	18	6	8	16	39	2	14	5	13	4
GBLD1315	14	2	2	2	37	18	3	18	7	3	2	4	6	18	4
GBLD1316	11	3	2	2	35	18	6	4	16	39	2	13	8	10	5
GBLD1317	11	2	2	2	31	23	9	11	16	32	8	13	4	20	23
GBLD1318	9	3	2	3	32	14	8	4	8	36	2	4	5	13	10
GBLD1319	18	2	4	3	32	11	6	4	25	39	2	10	4	7	20
GBLD1320	14	23	2	2	32	2	6	4	10	38	2	16	4	23	18
GBLD1321	8	3	13	3	4	2	8	5	11	14	8	8	24	3	2
GBLD1322	18	10	3	4	32	9	None	5	16	None	None	None	None	None	None
GBLD1323	14	3	2	14	31	7	8	4	9	38	4	8	6	13	12
GBLD1324	8	10	1	5	34	22	4	5	9	40	2	19	19	23	14
GBLD1325	6	1	3	4	34	4	6	4	16	40	18	11	3	13	12
GBLD1326	12	18	14	7	34	22	12	5	10	38	18	25	5	20	33
GBLD1327	17	8	2	3	32	22	7	3	18	36	18	3	12	8	9
GBLD1328	10	2	3	2	33	6	7	8	14	40	6	9	5	20	3
GBLD1329	11	4	2	None	32	11	6	4	None	39	3	8	4	18	3
GBLD1330	12	1	2	4	33	9	18	4	14	36	2	9	9	19	2
GBLD1331	13	10	5	4	33	10	4	5	11	38	2	5	3	21	4
GBLD1332	12	1	1	8	34	7	11	5	20	15	8	3	3	4	2
GBLD1333	12	18	14	7	34	22	12	4	10	38	18	25	5	20	33
GBLD1334	10	3	3	4	33	11	3	4	8	38	4	7	5	18	13
GBLD1335	14	8	13	4	31	19	6	4	9	38	4	8	9	21	17
GBLD1336	13	2	7	8	33	3	3	4	2	23	18	20	7	3	10
GBLD1337	10	5	15	7	33	4	6	4	10	38	4	8	9	21	14
GBLD1338	10	18	3	4	33	9	12	4	29	39	6	9	6	10	12
GBLD1339	None	None	None	None	None	None	None	None	None	None	None	None	None	None	None
GBLD1340	10	1	1	12	35	18	5	8	8	8	13	38	23	8	13
GBLD1341	6	2	16	4	32	2	6	5	11	36	7	14	5	13	28
GBLD1342	6	8	5	4	1	10	2	12	11	8	7	19	4	20	9
GBLD1343	14	28	18	6	13	33	7	22	19	5	26	27	27	12	14
GBLD1344	14	7	4	3	33	18	6	5	15	38	6	7	4	6	16
GBLD1345	10	3	20	9	34	12	6	8	4	38	4	2	12	9	9
GBLD1346	14	3	2	4	33	11	6	4	9	36	1	8	3	11	25
GBLD1347	6	2	2	5	34	2	5	8	13	40	3	7	2	20	18
GBLD1348	11	3	8	12	10	31	14	17	9	5	2	2	18	19	12
GBLD1349	14	2	2	2	33	11	6	4	16	40	4	13	3	25	8
GBLD1350	12	7	8	3	8	23	19	4	13	3	7	24	11	4	12
GBLD1351	20	4	4	8	34	13	12	13	18	4	16	2	7	3	8
GBLD1352	17	4	1	2	31	20	10	4	9	37	3	18	4	22	29
GBLD1353	6	2	1	9	33	2	6	4	13	39	2	8	3	21	27
GBLD1354	20	10	3	6	34	10	9	4	14	39	17	19	3	12	18
GBLD1355	6	8	2	2	34	10	9	9	14	40	14	7	4	18	12
GBLD1356	18	12	14	19	32	23	11	34	25	11	15	26	22	22	23
GBLD1357	17	23	4	14	5	26	30	13	37	25	23	11	38	24	31
GBLD1358	6	3	13	10	23	13	7	32	24	30	19	3	18	7	None
GBLD1359	23	2	3	14	9	39	2	13	30	4	12	23	13	39	19
GBLD1360	14	2	18	3	32	13	7	18	19	10	6	14	18	9	14
GBLD1361	10	3	4	4	35	4	6	4	14	39	5	10	3	8	19
GBLD1362	37	None	None	None	None	None	None	None	None	None	None	None	None	None	None
GBLD1363	11	1	1	3	31	7	6	4	18	36	1	23	8	6	5
GBLD1364	10	9	4	4	34	18	7	4	12	9	3	9	4	7	13
GBLD1365	6	6	1	5	33	10	6	8	18	38	8	13	8	1	28
GBLD1366	14	1	7	3	32	15	5	6	17	39	3	7	9	12	23
GBLD1367	14	3	2	3	32	2	6	4	11	1	5	12	3	5	14
GBLD1368	6	2	4	4	34	11	5	8	10	38	3	17	7	25	27
GBLD1369	6	3	2	5	1	17	6	4	14	40	2	13	8	10	2
GBLD1370	14	3	None	2	32	18	6	4	20	38	9	13	8	17	4
GBLD1371	6	7	8	9	17	14	5	12	3	5	16	8	8	7	20
GBLD1372	7	1	4	6	1	7	6	5	20	2	8	7	2	22	3
GBLD1373	6	6	13	9	36	7	3	23	24	4	None	None	None	13	15
GBLD1374	13	1	1	2	35	2	6	5	16	40	8	3	5	13	3
GBLD1375	6	4	1	5	3	11	10	8	8	8	5	8	12	7	13
GBLD1376	10	1	1	4	3	12	9	4	10	3	8	9	5	8	5
GBLD1377	10	13	16	4	14	8	8	22	18	9	10	8	18	9	13
GBLD1378	14	9	4	2	32	10	6	4	16	39	9	1	3	6	18
GBLD1379	10	9	4	4	32	13	6	4	5	39	3	7	7	7	7
GBLD1380	13	1	18	8	31	12	5	4	13	38	4	23	4	20	8
GBLD1381	11	5	1	3	35	14	9	5	10	40	2	20	5	13	19
GBLD1382	14	3	2	2	32	11	6	6	16	36	2	21	4	13	10
GBLD1383	6	8	8	4	33	17	12	6	8	4	12	8	8	20	8
GBLD1384	6	None	None	None	None	None	None	None	None	None	None	None	None	None	None
GBLD1385	14	13	9	13	14	2	14	6	23	10	5	9	22	24	35
GBLD1386	13	3	2	4	32	14	6	4	29	39	8	4	9	10	9
GBLD1387	14	16	2	3	34	3	5	4	29	39	2	8	8	14	13
GBLD1388	6	4	7	4	4	10	5	23	14	14	8	2	9	3	22
GBLD1389	6	3	13	9	32	9	1	4	11	33	12	2	24	11	5
GBLD1390	9	1	None	None	None	None	None	None	None	None	None	None	None	None	None
